88 1656673371 10.400000 -1.000000 -101.000000 0.000000 0.000000
88 1656673372 10.400000 -1.000000 -101.000000 0.000000 0.000000
88 1656673373 10.400000 -1.000000 -101.000000 0.000000 0.000000
97 1656673376 10.200000 -1.000000 -101.000000 0.000000 0.000000
97 1656673377 10.200000 -1.000000 -101.000000 0.000000 0.000000
97 1656673378 10.200000 -1.000000 -101.000000 0.000000 0.000000
88 1656673374 10.400000 -1.000000 -101.000000 0.000000 0.000000
88 1656673375 10.400000 -1.000000 -101.000000 0.000000 0.000000
88 1656673376 24.200000 -1.000000 -101.000000 0.000000 0.000000
88 1656673377 24.200000 -1.000000 -101.000000 0.000000 0.000000
88 1656673378 24.200000 -1.000000 -101.000000 0.000000 0.000000
97 1656673379 10.200000 -1.000000 -101.000000 0.000000 0.000000
97 1656673380 10.200000 -1.000000 -101.000000 0.000000 0.000000
97 1656673381 16.800000 -1.000000 -101.000000 0.000000 0.000000
97 1656673382 16.800000 -1.000000 -101.000000 0.000000 0.000000
97 1656673383 16.800000 -1.000000 -101.000000 0.000000 0.000000
88 1656673379 24.200000 -1.000000 -101.000000 0.000000 0.000000
88 1656673380 24.200000 -1.000000 -101.000000 0.000000 0.000000
88 1656673381 34.000000 -1.000000 -101.000000 0.000000 0.000000
88 1656673382 34.000000 -1.000000 -101.000000 0.000000 0.000000
88 1656673383 34.000000 -1.000000 -101.000000 0.000000 0.000000
97 1656673384 16.800000 -1.000000 -101.000000 0.000000 0.000000
97 1656673385 16.800000 -1.000000 -101.000000 0.000000 0.000000
97 1656673386 17.600000 -1.000000 -101.000000 0.000000 0.000000
97 1656673387 17.600000 -1.000000 -101.000000 0.000000 0.000000
97 1656673388 17.600000 -1.000000 -101.000000 0.000000 0.000000
88 1656673384 34.000000 -1.000000 -101.000000 0.000000 0.000000
88 1656673385 34.000000 -1.000000 -101.000000 0.000000 0.000000
88 1656673386 35.000000 -1.000000 -101.000000 0.000000 0.000000
88 1656673387 35.000000 -1.000000 -101.000000 0.000000 0.000000
88 1656673388 35.000000 -1.000000 -101.000000 0.000000 0.000000
97 1656673389 17.600000 -1.000000 -101.000000 0.000000 0.000000
97 1656673390 17.600000 -1.000000 -101.000000 0.000000 0.000000
97 1656673391 19.200000 -1.000000 -101.000000 0.000000 0.000000
97 1656673392 19.200000 -1.000000 -101.000000 0.000000 0.000000
97 1656673393 19.200000 -1.000000 -101.000000 0.000000 0.000000
88 1656673389 35.000000 -1.000000 -101.000000 0.000000 0.000000
88 1656673390 35.000000 -1.000000 -101.000000 0.000000 0.000000
88 1656673391 39.000000 -1.000000 -101.000000 0.000000 0.000000
88 1656673392 39.000000 -1.000000 -101.000000 0.000000 0.000000
88 1656673393 39.000000 -1.000000 -101.000000 0.000000 0.000000
97 1656673394 19.200000 -1.000000 -101.000000 0.000000 0.000000
97 1656673395 19.200000 -1.000000 -101.000000 0.000000 0.000000
97 1656673396 19.000000 -1.000000 -101.000000 0.000000 0.000000
97 1656673397 19.000000 -1.000000 -101.000000 0.000000 0.000000
97 1656673398 19.000000 -1.000000 -101.000000 0.000000 0.000000
88 1656673394 39.000000 -1.000000 -101.000000 0.000000 0.000000
88 1656673395 39.000000 -1.000000 -101.000000 0.000000 0.000000
88 1656673396 37.600000 -1.000000 -101.000000 0.000000 0.000000
88 1656673397 37.600000 -1.000000 -101.000000 0.000000 0.000000
88 1656673398 37.600000 -1.000000 -101.000000 0.000000 0.000000
97 1656673399 19.000000 -1.000000 -101.000000 0.000000 0.000000
97 1656673400 19.000000 -1.000000 -101.000000 0.000000 0.000000
97 1656673401 18.600000 -1.000000 -101.000000 0.000000 0.000000
97 1656673402 18.600000 -1.000000 -101.000000 0.000000 0.000000
97 1656673403 18.600000 -1.000000 -101.000000 0.000000 0.000000
88 1656673399 37.600000 -1.000000 -101.000000 0.000000 0.000000
88 1656673400 37.600000 -1.000000 -101.000000 0.000000 0.000000
88 1656673401 38.000000 -1.000000 -101.000000 0.000000 0.000000
88 1656673402 38.000000 -1.000000 -101.000000 0.000000 0.000000
88 1656673403 38.000000 -1.000000 -101.000000 0.000000 0.000000
97 1656673404 18.600000 -1.000000 -101.000000 0.000000 0.000000
97 1656673405 18.600000 -1.000000 -101.000000 0.000000 0.000000
97 1656673406 18.600000 -1.000000 -101.000000 0.000000 0.000000
97 1656673407 18.600000 -1.000000 -101.000000 0.000000 0.000000
97 1656673408 18.600000 -1.000000 -101.000000 0.000000 0.000000
88 1656673404 38.000000 -1.000000 -101.000000 0.000000 0.000000
88 1656673405 38.000000 -1.000000 -101.000000 0.000000 0.000000
88 1656673406 37.200000 -1.000000 -101.000000 0.000000 0.000000
88 1656673407 37.200000 -1.000000 -101.000000 0.000000 0.000000
88 1656673408 37.200000 -1.000000 -101.000000 0.000000 0.000000
97 1656673409 18.600000 -1.000000 -101.000000 0.000000 0.000000
97 1656673410 18.600000 -1.000000 -101.000000 0.000000 0.000000
97 1656673411 18.800000 -1.000000 -101.000000 0.000000 0.000000
97 1656673412 18.800000 -1.000000 -101.000000 0.000000 0.000000
97 1656673413 18.800000 -1.000000 -101.000000 0.000000 0.000000
88 1656673409 37.200000 -1.000000 -101.000000 0.000000 0.000000
88 1656673410 37.200000 -1.000000 -101.000000 0.000000 0.000000
88 1656673411 37.600000 -1.000000 -101.000000 0.000000 0.000000
88 1656673412 37.600000 -1.000000 -101.000000 0.000000 0.000000
88 1656673413 37.600000 -1.000000 -101.000000 0.000000 0.000000
97 1656673414 18.800000 -1.000000 -101.000000 0.000000 0.000000
97 1656673415 18.800000 -1.000000 -101.000000 0.000000 0.000000
97 1656673416 18.200000 -1.000000 -101.000000 0.000000 0.000000
97 1656673417 18.200000 -1.000000 -101.000000 0.000000 0.000000
97 1656673418 18.200000 -1.000000 -101.000000 0.000000 0.000000
88 1656673414 37.600000 -1.000000 -101.000000 0.000000 0.000000
88 1656673415 37.600000 -1.000000 -101.000000 0.000000 0.000000
88 1656673416 37.000000 -1.000000 -101.000000 0.000000 0.000000
88 1656673417 37.000000 -1.000000 -101.000000 0.000000 0.000000
88 1656673418 37.000000 -1.000000 -101.000000 0.000000 0.000000
97 1656673419 18.200000 -1.000000 -101.000000 0.000000 0.000000
97 1656673420 18.200000 -1.000000 -101.000000 0.000000 0.000000
97 1656673421 18.000000 -1.000000 -101.000000 0.000000 0.000000
97 1656673422 18.000000 -1.000000 -101.000000 0.000000 0.000000
97 1656673423 18.000000 -1.000000 -101.000000 0.000000 0.000000
88 1656673419 37.000000 -1.000000 -101.000000 0.000000 0.000000
88 1656673420 37.000000 -1.000000 -101.000000 0.000000 0.000000
88 1656673421 35.800000 -1.000000 -101.000000 0.000000 0.000000
88 1656673422 35.800000 -1.000000 -101.000000 0.000000 0.000000
88 1656673423 35.800000 -1.000000 -101.000000 0.000000 0.000000
97 1656673424 18.000000 -1.000000 -101.000000 0.000000 0.000000
97 1656673425 18.000000 -1.000000 -101.000000 0.000000 0.000000
97 1656673426 18.000000 -1.000000 -101.000000 0.000000 0.000000
97 1656673427 18.000000 -1.000000 -101.000000 0.000000 0.000000
97 1656673428 18.000000 -1.000000 -101.000000 0.000000 0.000000
88 1656673424 35.800000 -1.000000 -101.000000 0.000000 0.000000
88 1656673425 35.800000 -1.000000 -101.000000 0.000000 0.000000
88 1656673426 35.800000 -1.000000 -101.000000 0.000000 0.000000
88 1656673427 35.800000 -1.000000 -101.000000 0.000000 0.000000
88 1656673428 35.800000 -1.000000 -101.000000 0.000000 0.000000
97 1656673429 18.000000 -1.000000 -101.000000 0.000000 0.000000
97 1656673430 18.000000 -1.000000 -101.000000 0.000000 0.000000
97 1656673431 17.200000 -1.000000 -101.000000 0.000000 0.000000
97 1656673432 17.200000 -1.000000 -101.000000 0.000000 0.000000
97 1656673433 17.200000 -1.000000 -101.000000 0.000000 0.000000
88 1656673429 35.800000 -1.000000 -101.000000 0.000000 0.000000
88 1656673430 35.800000 -1.000000 -101.000000 0.000000 0.000000
88 1656673431 35.000000 -1.000000 -101.000000 0.000000 0.000000
88 1656673432 35.000000 -1.000000 -101.000000 0.000000 0.000000
88 1656673433 35.000000 -1.000000 -101.000000 0.000000 0.000000
97 1656673434 17.200000 -1.000000 -101.000000 0.000000 0.000000
97 1656673435 17.200000 -1.000000 -101.000000 0.000000 0.000000
97 1656673436 17.000000 -1.000000 -101.000000 0.000000 0.000000
97 1656673437 17.000000 -1.000000 -101.000000 0.000000 0.000000
97 1656673438 17.000000 -1.000000 -101.000000 0.000000 0.000000
88 1656673434 35.000000 -1.000000 -101.000000 0.000000 0.000000
88 1656673435 35.000000 -1.000000 -101.000000 0.000000 0.000000
88 1656673436 33.600000 -1.000000 -101.000000 0.000000 0.000000
88 1656673437 33.600000 -1.000000 -101.000000 0.000000 0.000000
88 1656673438 33.600000 -1.000000 -101.000000 0.000000 0.000000
97 1656673439 17.000000 -1.000000 -101.000000 0.000000 0.000000
97 1656673440 17.000000 -1.000000 -101.000000 0.000000 0.000000
97 1656673441 17.000000 -1.000000 -101.000000 0.000000 0.000000
97 1656673442 17.000000 -1.000000 -101.000000 0.000000 0.000000
97 1656673443 17.000000 -1.000000 -101.000000 0.000000 0.000000
88 1656673439 33.600000 -1.000000 -101.000000 0.000000 0.000000
88 1656673440 33.600000 -1.000000 -101.000000 0.000000 0.000000
88 1656673441 34.000000 -1.000000 -101.000000 0.000000 0.000000
88 1656673442 34.000000 -1.000000 -101.000000 0.000000 0.000000
88 1656673443 34.000000 -1.000000 -101.000000 0.000000 0.000000
97 1656673444 17.000000 -1.000000 -101.000000 0.000000 0.000000
97 1656673445 17.000000 -1.000000 -101.000000 0.000000 0.000000
97 1656673446 16.000000 -1.000000 -101.000000 0.000000 0.000000
97 1656673447 16.000000 -1.000000 -101.000000 0.000000 0.000000
97 1656673448 16.000000 -1.000000 -101.000000 0.000000 0.000000
88 1656673444 34.000000 -1.000000 -101.000000 0.000000 0.000000
88 1656673445 34.000000 -1.000000 -101.000000 0.000000 0.000000
88 1656673446 32.600000 -1.000000 -101.000000 0.000000 0.000000
88 1656673447 32.600000 -1.000000 -101.000000 0.000000 0.000000
88 1656673448 32.600000 -1.000000 -101.000000 0.000000 0.000000
97 1656673449 16.000000 -1.000000 -101.000000 0.000000 0.000000
97 1656673450 16.000000 -1.000000 -101.000000 0.000000 0.000000
97 1656673451 16.400000 -1.000000 -101.000000 0.000000 0.000000
97 1656673452 16.400000 -1.000000 -101.000000 0.000000 0.000000
97 1656673453 16.400000 -1.000000 -101.000000 0.000000 0.000000
88 1656673449 32.600000 -1.000000 -101.000000 0.000000 0.000000
88 1656673450 32.600000 -1.000000 -101.000000 0.000000 0.000000
88 1656673451 32.800000 -1.000000 -101.000000 0.000000 0.000000
88 1656673452 32.800000 -1.000000 -101.000000 0.000000 0.000000
88 1656673453 32.800000 -1.000000 -101.000000 0.000000 0.000000
97 1656673454 16.400000 -1.000000 -101.000000 0.000000 0.000000
97 1656673455 16.400000 -1.000000 -101.000000 0.000000 0.000000
97 1656673456 15.200000 -1.000000 -101.000000 0.000000 0.000000
97 1656673457 15.200000 -1.000000 -101.000000 0.000000 0.000000
97 1656673458 15.200000 -1.000000 -101.000000 0.000000 0.000000
88 1656673454 32.800000 -1.000000 -101.000000 0.000000 0.000000
88 1656673455 32.800000 -1.000000 -101.000000 0.000000 0.000000
88 1656673456 31.000000 -1.000000 -101.000000 0.000000 0.000000
88 1656673457 31.000000 -1.000000 -101.000000 0.000000 0.000000
88 1656673458 31.000000 -1.000000 -101.000000 0.000000 0.000000
97 1656673459 15.200000 -1.000000 -101.000000 0.000000 0.000000
97 1656673460 15.200000 -1.000000 -101.000000 0.000000 0.000000
97 1656673461 16.400000 -1.000000 -101.000000 0.000000 0.000000
97 1656673462 16.400000 -1.000000 -101.000000 0.000000 0.000000
97 1656673463 16.400000 -1.000000 -101.000000 0.000000 0.000000
88 1656673459 31.000000 -1.000000 -101.000000 0.000000 0.000000
88 1656673460 31.000000 -1.000000 -101.000000 0.000000 0.000000
88 1656673461 32.200000 -1.000000 -101.000000 0.000000 0.000000
88 1656673462 32.200000 -1.000000 -101.000000 0.000000 0.000000
88 1656673463 32.200000 -1.000000 -101.000000 0.000000 0.000000
97 1656673464 16.400000 -1.000000 -101.000000 0.000000 0.000000
97 1656673465 16.400000 -1.000000 -101.000000 0.000000 0.000000
97 1656673466 15.400000 -1.000000 -101.000000 0.000000 0.000000
97 1656673467 15.400000 -1.000000 -101.000000 0.000000 0.000000
97 1656673468 15.400000 -1.000000 -101.000000 0.000000 0.000000
88 1656673464 32.200000 -1.000000 -101.000000 0.000000 0.000000
88 1656673465 32.200000 -1.000000 -101.000000 0.000000 0.000000
88 1656673466 31.000000 -1.000000 -101.000000 0.000000 0.000000
88 1656673467 31.000000 -1.000000 -101.000000 0.000000 0.000000
88 1656673468 31.000000 -1.000000 -101.000000 0.000000 0.000000
97 1656673469 15.400000 -1.000000 -101.000000 0.000000 0.000000
97 1656673470 15.400000 -1.000000 -101.000000 0.000000 0.000000
97 1656673471 15.000000 -1.000000 -101.000000 0.000000 0.000000
97 1656673472 15.000000 -1.000000 -101.000000 0.000000 0.000000
97 1656673473 15.000000 -1.000000 -101.000000 0.000000 0.000000
88 1656673469 31.000000 -1.000000 -101.000000 0.000000 0.000000
88 1656673470 31.000000 -1.000000 -101.000000 0.000000 0.000000
88 1656673471 31.000000 -1.000000 -101.000000 0.000000 0.000000
88 1656673472 31.000000 -1.000000 -101.000000 0.000000 0.000000
88 1656673473 31.000000 -1.000000 -101.000000 0.000000 0.000000
97 1656673474 15.000000 -1.000000 -101.000000 0.000000 0.000000
97 1656673475 15.000000 -1.000000 -101.000000 0.000000 0.000000
97 1656673476 15.200000 -1.000000 -101.000000 0.000000 0.000000
97 1656673477 15.200000 -1.000000 -101.000000 0.000000 0.000000
97 1656673478 15.200000 -1.000000 -101.000000 0.000000 0.000000
88 1656673474 31.000000 -1.000000 -101.000000 0.000000 0.000000
88 1656673475 31.000000 -1.000000 -101.000000 0.000000 0.000000
88 1656673476 29.800000 -1.000000 -101.000000 0.000000 0.000000
88 1656673477 29.800000 -1.000000 -101.000000 0.000000 0.000000
88 1656673478 29.800000 -1.000000 -101.000000 0.000000 0.000000
97 1656673479 15.200000 -1.000000 -101.000000 0.000000 0.000000
97 1656673480 15.200000 -1.000000 -101.000000 0.000000 0.000000
97 1656673481 14.600000 -1.000000 -101.000000 0.000000 0.000000
97 1656673482 14.600000 -1.000000 -101.000000 0.000000 0.000000
97 1656673483 14.600000 -1.000000 -101.000000 0.000000 0.000000
88 1656673479 29.800000 -1.000000 -101.000000 0.000000 0.000000
88 1656673480 29.800000 -1.000000 -101.000000 0.000000 0.000000
88 1656673481 30.000000 -1.000000 -101.000000 0.000000 0.000000
88 1656673482 30.000000 -1.000000 -101.000000 0.000000 0.000000
88 1656673483 30.000000 -1.000000 -101.000000 0.000000 0.000000
97 1656673484 14.600000 -1.000000 -101.000000 0.000000 0.000000
97 1656673485 14.600000 -1.000000 -101.000000 0.000000 0.000000
97 1656673486 14.000000 -1.000000 -101.000000 0.000000 0.000000
97 1656673487 14.000000 -1.000000 -101.000000 0.000000 0.000000
97 1656673488 14.000000 -1.000000 -101.000000 0.000000 0.000000
88 1656673484 30.000000 -1.000000 -101.000000 0.000000 0.000000
88 1656673485 30.000000 -1.000000 -101.000000 0.000000 0.000000
88 1656673486 28.800000 -1.000000 -101.000000 0.000000 0.000000
88 1656673487 28.800000 -1.000000 -101.000000 0.000000 0.000000
88 1656673488 28.800000 -1.000000 -101.000000 0.000000 0.000000
97 1656673489 14.000000 -1.000000 -101.000000 0.000000 0.000000
97 1656673490 14.000000 -1.000000 -101.000000 0.000000 0.000000
97 1656673491 14.800000 -1.000000 -101.000000 0.000000 0.000000
97 1656673492 14.800000 -1.000000 -101.000000 0.000000 0.000000
97 1656673493 14.800000 -1.000000 -101.000000 0.000000 0.000000
88 1656673489 28.800000 -1.000000 -101.000000 0.000000 0.000000
88 1656673490 28.800000 -1.000000 -101.000000 0.000000 0.000000
88 1656673491 29.000000 -1.000000 -101.000000 0.000000 0.000000
88 1656673492 29.000000 -1.000000 -101.000000 0.000000 0.000000
88 1656673493 29.000000 -1.000000 -101.000000 0.000000 0.000000
97 1656673494 14.800000 -1.000000 -101.000000 0.000000 0.000000
97 1656673495 14.800000 -1.000000 -101.000000 0.000000 0.000000
97 1656673496 14.800000 -1.000000 -101.000000 0.000000 0.000000
97 1656673497 14.800000 -1.000000 -101.000000 0.000000 0.000000
97 1656673498 14.800000 -1.000000 -101.000000 0.000000 0.000000
88 1656673494 29.000000 -1.000000 -101.000000 0.000000 0.000000
88 1656673495 29.000000 -1.000000 -101.000000 0.000000 0.000000
88 1656673496 29.000000 -1.000000 -101.000000 0.000000 0.000000
88 1656673497 29.000000 -1.000000 -101.000000 0.000000 0.000000
88 1656673498 29.000000 -1.000000 -101.000000 0.000000 0.000000
97 1656673499 14.800000 -1.000000 -101.000000 0.000000 0.000000
97 1656673500 14.800000 -1.000000 -101.000000 0.000000 0.000000
97 1656673501 13.800000 -1.000000 -101.000000 0.000000 0.000000
97 1656673502 13.800000 -1.000000 -101.000000 0.000000 0.000000
97 1656673503 13.800000 -1.000000 -101.000000 0.000000 0.000000
88 1656673499 29.000000 -1.000000 -101.000000 0.000000 0.000000
88 1656673500 29.000000 -1.000000 -101.000000 0.000000 0.000000
88 1656673501 28.600000 -1.000000 -101.000000 0.000000 0.000000
88 1656673502 28.600000 -1.000000 -101.000000 0.000000 0.000000
88 1656673503 28.600000 -1.000000 -101.000000 0.000000 0.000000
97 1656673504 13.800000 -1.000000 -101.000000 0.000000 0.000000
97 1656673505 13.800000 -1.000000 -101.000000 0.000000 0.000000
97 1656673506 14.000000 -1.000000 -101.000000 0.000000 0.000000
97 1656673507 14.000000 -1.000000 -101.000000 0.000000 0.000000
97 1656673508 14.000000 -1.000000 -101.000000 0.000000 0.000000
88 1656673504 28.600000 -1.000000 -101.000000 0.000000 0.000000
88 1656673505 28.600000 -1.000000 -101.000000 0.000000 0.000000
88 1656673506 27.200000 -1.000000 -101.000000 0.000000 0.000000
88 1656673507 27.200000 -1.000000 -101.000000 0.000000 0.000000
88 1656673508 27.200000 -1.000000 -101.000000 0.000000 0.000000
97 1656673509 14.000000 -1.000000 -101.000000 0.000000 0.000000
97 1656673510 14.000000 -1.000000 -101.000000 0.000000 0.000000
97 1656673511 13.600000 -1.000000 -101.000000 0.000000 0.000000
97 1656673512 13.600000 -1.000000 -101.000000 0.000000 0.000000
97 1656673513 13.600000 -1.000000 -101.000000 0.000000 0.000000
88 1656673509 27.200000 -1.000000 -101.000000 0.000000 0.000000
88 1656673510 27.200000 -1.000000 -101.000000 0.000000 0.000000
88 1656673511 28.200000 -1.000000 -101.000000 0.000000 0.000000
88 1656673512 28.200000 -1.000000 -101.000000 0.000000 0.000000
88 1656673513 28.200000 -1.000000 -101.000000 0.000000 0.000000
97 1656673514 13.600000 -1.000000 -101.000000 0.000000 0.000000
97 1656673515 13.600000 -1.000000 -101.000000 0.000000 0.000000
97 1656673516 13.600000 -1.000000 -101.000000 0.000000 0.000000
97 1656673517 13.600000 -1.000000 -101.000000 0.000000 0.000000
97 1656673518 13.600000 -1.000000 -101.000000 0.000000 0.000000
88 1656673514 28.200000 -1.000000 -101.000000 0.000000 0.000000
88 1656673515 28.200000 -1.000000 -101.000000 0.000000 0.000000
88 1656673516 27.000000 -1.000000 -101.000000 0.000000 0.000000
88 1656673517 27.000000 -1.000000 -101.000000 0.000000 0.000000
88 1656673518 27.000000 -1.000000 -101.000000 0.000000 0.000000
97 1656673519 13.600000 -1.000000 -101.000000 0.000000 0.000000
97 1656673520 13.600000 -1.000000 -101.000000 0.000000 0.000000
97 1656673521 13.200000 -1.000000 -101.000000 0.000000 0.000000
97 1656673522 13.200000 -1.000000 -101.000000 0.000000 0.000000
97 1656673523 13.200000 -1.000000 -101.000000 0.000000 0.000000
88 1656673519 27.000000 -1.000000 -101.000000 0.000000 0.000000
88 1656673520 27.000000 -1.000000 -101.000000 0.000000 0.000000
88 1656673521 26.800000 -1.000000 -101.000000 0.000000 0.000000
88 1656673522 26.800000 -1.000000 -101.000000 0.000000 0.000000
88 1656673523 26.800000 -1.000000 -101.000000 0.000000 0.000000
97 1656673524 13.200000 -1.000000 -101.000000 0.000000 0.000000
97 1656673525 13.200000 -1.000000 -101.000000 0.000000 0.000000
97 1656673526 13.200000 -1.000000 -101.000000 0.000000 0.000000
97 1656673527 13.200000 -1.000000 -101.000000 0.000000 0.000000
97 1656673528 13.200000 -1.000000 -101.000000 0.000000 0.000000
88 1656673524 26.800000 -1.000000 -101.000000 0.000000 0.000000
88 1656673525 26.800000 -1.000000 -101.000000 0.000000 0.000000
88 1656673526 26.200000 -1.000000 -101.000000 0.000000 0.000000
88 1656673527 26.200000 -1.000000 -101.000000 0.000000 0.000000
88 1656673528 26.200000 -1.000000 -101.000000 0.000000 0.000000
97 1656673529 13.200000 -1.000000 -101.000000 0.000000 0.000000
97 1656673530 13.200000 -1.000000 -101.000000 0.000000 0.000000
97 1656673531 12.600000 -1.000000 -101.000000 0.000000 0.000000
97 1656673532 12.600000 -1.000000 -101.000000 0.000000 0.000000
97 1656673533 12.600000 -1.000000 -101.000000 0.000000 0.000000
88 1656673529 26.200000 -1.000000 -101.000000 0.000000 0.000000
88 1656673530 26.200000 -1.000000 -101.000000 0.000000 0.000000
88 1656673531 26.000000 -1.000000 -101.000000 0.000000 0.000000
88 1656673532 26.000000 -1.000000 -101.000000 0.000000 0.000000
88 1656673533 26.000000 -1.000000 -101.000000 0.000000 0.000000
97 1656673534 12.600000 -1.000000 -101.000000 0.000000 0.000000
97 1656673535 12.600000 -1.000000 -101.000000 0.000000 0.000000
97 1656673536 12.800000 -1.000000 -101.000000 0.000000 0.000000
97 1656673537 12.800000 -1.000000 -101.000000 0.000000 0.000000
97 1656673538 12.800000 -1.000000 -101.000000 0.000000 0.000000
88 1656673534 26.000000 -1.000000 -101.000000 0.000000 0.000000
88 1656673535 26.000000 -1.000000 -101.000000 0.000000 0.000000
88 1656673536 25.400000 -1.000000 -101.000000 0.000000 0.000000
88 1656673537 25.400000 -1.000000 -101.000000 0.000000 0.000000
88 1656673538 25.400000 -1.000000 -101.000000 0.000000 0.000000
97 1656673539 12.800000 -1.000000 -101.000000 0.000000 0.000000
97 1656673540 12.800000 -1.000000 -101.000000 0.000000 0.000000
97 1656673541 12.600000 -1.000000 -101.000000 0.000000 0.000000
97 1656673542 12.600000 -1.000000 -101.000000 0.000000 0.000000
97 1656673543 12.600000 -1.000000 -101.000000 0.000000 0.000000
88 1656673539 25.400000 -1.000000 -101.000000 0.000000 0.000000
88 1656673540 25.400000 -1.000000 -101.000000 0.000000 0.000000
88 1656673541 25.200000 -1.000000 -101.000000 0.000000 0.000000
88 1656673542 25.200000 -1.000000 -101.000000 0.000000 0.000000
88 1656673543 25.200000 -1.000000 -101.000000 0.000000 0.000000
97 1656673544 12.600000 -1.000000 -101.000000 0.000000 0.000000
97 1656673545 12.600000 -1.000000 -101.000000 0.000000 0.000000
97 1656673546 12.400000 -1.000000 -101.000000 0.000000 0.000000
97 1656673547 12.400000 -1.000000 -101.000000 0.000000 0.000000
97 1656673548 12.400000 -1.000000 -101.000000 0.000000 0.000000
88 1656673544 25.200000 -1.000000 -101.000000 0.000000 0.000000
88 1656673545 25.200000 -1.000000 -101.000000 0.000000 0.000000
88 1656673546 25.200000 -1.000000 -101.000000 0.000000 0.000000
88 1656673547 25.200000 -1.000000 -101.000000 0.000000 0.000000
88 1656673548 25.200000 -1.000000 -101.000000 0.000000 0.000000
97 1656673549 12.400000 -1.000000 -101.000000 0.000000 0.000000
97 1656673550 12.400000 -1.000000 -101.000000 0.000000 0.000000
97 1656673551 12.800000 -1.000000 -101.000000 0.000000 0.000000
97 1656673552 12.800000 -1.000000 -101.000000 0.000000 0.000000
97 1656673553 12.800000 -1.000000 -101.000000 0.000000 0.000000
88 1656673549 25.200000 -1.000000 -101.000000 0.000000 0.000000
88 1656673550 25.200000 -1.000000 -101.000000 0.000000 0.000000
88 1656673551 25.600000 -1.000000 -101.000000 0.000000 0.000000
88 1656673552 25.600000 -1.000000 -101.000000 0.000000 0.000000
88 1656673553 25.600000 -1.000000 -101.000000 0.000000 0.000000
97 1656673554 12.800000 -1.000000 -101.000000 0.000000 0.000000
97 1656673555 12.800000 -1.000000 -101.000000 0.000000 0.000000
97 1656673556 11.800000 -1.000000 -101.000000 0.000000 0.000000
97 1656673557 11.800000 -1.000000 -101.000000 0.000000 0.000000
97 1656673558 11.800000 -1.000000 -101.000000 0.000000 0.000000
88 1656673554 25.600000 -1.000000 -101.000000 0.000000 0.000000
88 1656673555 25.600000 -1.000000 -101.000000 0.000000 0.000000
88 1656673556 24.400000 -1.000000 -101.000000 0.000000 0.000000
88 1656673557 24.400000 -1.000000 -101.000000 0.000000 0.000000
88 1656673558 24.400000 -1.000000 -101.000000 0.000000 0.000000
97 1656673559 11.800000 -1.000000 -101.000000 0.000000 0.000000
97 1656673560 11.800000 -1.000000 -101.000000 0.000000 0.000000
97 1656673561 12.200000 -1.000000 -101.000000 0.000000 0.000000
97 1656673562 12.200000 -1.000000 -101.000000 0.000000 0.000000
97 1656673563 12.200000 -1.000000 -101.000000 0.000000 0.000000
88 1656673559 24.400000 -1.000000 -101.000000 0.000000 0.000000
88 1656673560 24.400000 -1.000000 -101.000000 0.000000 0.000000
88 1656673561 24.200000 -1.000000 -101.000000 0.000000 0.000000
88 1656673562 24.200000 -1.000000 -101.000000 0.000000 0.000000
88 1656673563 24.200000 -1.000000 -101.000000 0.000000 0.000000
97 1656673564 12.200000 -1.000000 -101.000000 0.000000 0.000000
97 1656673565 12.200000 -1.000000 -101.000000 0.000000 0.000000
97 1656673566 12.000000 -1.000000 -101.000000 0.000000 0.000000
97 1656673567 12.000000 -1.000000 -101.000000 0.000000 0.000000
97 1656673568 12.000000 -1.000000 -101.000000 0.000000 0.000000
88 1656673564 24.200000 -1.000000 -101.000000 0.000000 0.000000
88 1656673565 24.200000 -1.000000 -101.000000 0.000000 0.000000
88 1656673566 23.800000 -1.000000 -101.000000 0.000000 0.000000
88 1656673567 23.800000 -1.000000 -101.000000 0.000000 0.000000
88 1656673568 23.800000 -1.000000 -101.000000 0.000000 0.000000
97 1656673569 12.000000 -1.000000 -101.000000 0.000000 0.000000
97 1656673570 12.000000 -1.000000 -101.000000 0.000000 0.000000
97 1656673571 12.600000 -1.000000 -101.000000 0.000000 0.000000
97 1656673572 12.600000 -1.000000 -101.000000 0.000000 0.000000
97 1656673573 12.600000 -1.000000 -101.000000 0.000000 0.000000
88 1656673569 23.800000 -1.000000 -101.000000 0.000000 0.000000
88 1656673570 23.800000 -1.000000 -101.000000 0.000000 0.000000
88 1656673571 25.000000 -1.000000 -101.000000 0.000000 0.000000
88 1656673572 25.000000 -1.000000 -101.000000 0.000000 0.000000
88 1656673573 25.000000 -1.000000 -101.000000 0.000000 0.000000
97 1656673574 12.600000 -1.000000 -101.000000 0.000000 0.000000
97 1656673575 12.600000 -1.000000 -101.000000 0.000000 0.000000
97 1656673576 12.000000 -1.000000 -101.000000 0.000000 0.000000
97 1656673577 12.000000 -1.000000 -101.000000 0.000000 0.000000
97 1656673578 12.000000 -1.000000 -101.000000 0.000000 0.000000
88 1656673574 25.000000 -1.000000 -101.000000 0.000000 0.000000
88 1656673575 25.000000 -1.000000 -101.000000 0.000000 0.000000
88 1656673576 23.200000 -1.000000 -101.000000 0.000000 0.000000
88 1656673577 23.200000 -1.000000 -101.000000 0.000000 0.000000
88 1656673578 23.200000 -1.000000 -101.000000 0.000000 0.000000
97 1656673579 12.000000 -1.000000 -101.000000 0.000000 0.000000
97 1656673580 12.000000 -1.000000 -101.000000 0.000000 0.000000
97 1656673581 11.800000 -1.000000 -101.000000 0.000000 0.000000
97 1656673582 11.800000 -1.000000 -101.000000 0.000000 0.000000
97 1656673583 11.800000 -1.000000 -101.000000 0.000000 0.000000
88 1656673579 23.200000 -1.000000 -101.000000 0.000000 0.000000
88 1656673580 23.200000 -1.000000 -101.000000 0.000000 0.000000
88 1656673581 23.800000 -1.000000 -101.000000 0.000000 0.000000
88 1656673582 23.800000 -1.000000 -101.000000 0.000000 0.000000
88 1656673583 23.800000 -1.000000 -101.000000 0.000000 0.000000
97 1656673584 11.800000 -1.000000 -101.000000 0.000000 0.000000
97 1656673585 11.800000 -1.000000 -101.000000 0.000000 0.000000
97 1656673586 11.800000 -1.000000 -101.000000 0.000000 0.000000
97 1656673587 11.800000 -1.000000 -101.000000 0.000000 0.000000
97 1656673588 11.800000 -1.000000 -101.000000 0.000000 0.000000
88 1656673584 23.800000 -1.000000 -101.000000 0.000000 0.000000
88 1656673585 23.800000 -1.000000 -101.000000 0.000000 0.000000
88 1656673586 23.800000 -1.000000 -101.000000 0.000000 0.000000
88 1656673587 23.800000 -1.000000 -101.000000 0.000000 0.000000
88 1656673588 23.800000 -1.000000 -101.000000 0.000000 0.000000
97 1656673589 11.800000 -1.000000 -101.000000 0.000000 0.000000
97 1656673590 11.800000 -1.000000 -101.000000 0.000000 0.000000
97 1656673591 11.400000 -1.000000 -101.000000 0.000000 0.000000
97 1656673592 11.400000 -1.000000 -101.000000 0.000000 0.000000
97 1656673593 11.400000 -1.000000 -101.000000 0.000000 0.000000
88 1656673589 23.800000 -1.000000 -101.000000 0.000000 0.000000
88 1656673590 23.800000 -1.000000 -101.000000 0.000000 0.000000
88 1656673591 22.600000 -1.000000 -101.000000 0.000000 0.000000
88 1656673592 22.600000 -1.000000 -101.000000 0.000000 0.000000
88 1656673593 22.600000 -1.000000 -101.000000 0.000000 0.000000
97 1656673594 11.400000 -1.000000 -101.000000 0.000000 0.000000
97 1656673595 11.400000 -1.000000 -101.000000 0.000000 0.000000
97 1656673596 11.600000 -1.000000 -101.000000 0.000000 0.000000
97 1656673597 11.600000 -1.000000 -101.000000 0.000000 0.000000
97 1656673598 11.600000 -1.000000 -101.000000 0.000000 0.000000
88 1656673594 22.600000 -1.000000 -101.000000 0.000000 0.000000
88 1656673595 22.600000 -1.000000 -101.000000 0.000000 0.000000
88 1656673596 23.400000 -1.000000 -101.000000 0.000000 0.000000
88 1656673597 23.400000 -1.000000 -101.000000 0.000000 0.000000
88 1656673598 23.400000 -1.000000 -101.000000 0.000000 0.000000
97 1656673599 11.600000 -1.000000 -101.000000 0.000000 0.000000
97 1656673600 11.600000 -1.000000 -101.000000 0.000000 0.000000
97 1656673601 10.600000 -1.000000 -101.000000 0.000000 0.000000
97 1656673602 10.600000 -1.000000 -101.000000 0.000000 0.000000
97 1656673603 10.600000 -1.000000 -101.000000 0.000000 0.000000
88 1656673599 23.400000 -1.000000 -101.000000 0.000000 0.000000
88 1656673600 23.400000 -1.000000 -101.000000 0.000000 0.000000
88 1656673601 22.600000 -1.000000 -101.000000 0.000000 0.000000
88 1656673602 22.600000 -1.000000 -101.000000 0.000000 0.000000
88 1656673603 22.600000 -1.000000 -101.000000 0.000000 0.000000
97 1656673604 10.600000 -1.000000 -101.000000 0.000000 0.000000
97 1656673605 10.600000 -1.000000 -101.000000 0.000000 0.000000
97 1656673606 11.000000 -1.000000 -101.000000 0.000000 0.000000
97 1656673607 11.000000 -1.000000 -101.000000 0.000000 0.000000
97 1656673608 11.000000 -1.000000 -101.000000 0.000000 0.000000
88 1656673604 22.600000 -1.000000 -101.000000 0.000000 0.000000
88 1656673605 22.600000 -1.000000 -101.000000 0.000000 0.000000
88 1656673606 22.400000 -1.000000 -101.000000 0.000000 0.000000
88 1656673607 22.400000 -1.000000 -101.000000 0.000000 0.000000
88 1656673608 22.400000 -1.000000 -101.000000 0.000000 0.000000
97 1656673609 11.000000 -1.000000 -101.000000 0.000000 0.000000
97 1656673610 11.000000 -1.000000 -101.000000 0.000000 0.000000
97 1656673611 11.800000 -1.000000 -101.000000 0.000000 0.000000
97 1656673612 11.800000 -1.000000 -101.000000 0.000000 0.000000
97 1656673613 11.800000 -1.000000 -101.000000 0.000000 0.000000
88 1656673609 22.400000 -1.000000 -101.000000 0.000000 0.000000
88 1656673610 22.400000 -1.000000 -101.000000 0.000000 0.000000
88 1656673611 22.800000 -1.000000 -101.000000 0.000000 0.000000
88 1656673612 22.800000 -1.000000 -101.000000 0.000000 0.000000
88 1656673613 22.800000 -1.000000 -101.000000 0.000000 0.000000
97 1656673614 11.800000 -1.000000 -101.000000 0.000000 0.000000
97 1656673615 11.800000 -1.000000 -101.000000 0.000000 0.000000
97 1656673616 12.000000 -1.000000 -101.000000 0.000000 0.000000
97 1656673617 12.000000 -1.000000 -101.000000 0.000000 0.000000
97 1656673618 12.000000 -1.000000 -101.000000 0.000000 0.000000
88 1656673614 22.800000 -1.000000 -101.000000 0.000000 0.000000
88 1656673615 22.800000 -1.000000 -101.000000 0.000000 0.000000
88 1656673616 22.800000 -1.000000 -101.000000 0.000000 0.000000
88 1656673617 22.800000 -1.000000 -101.000000 0.000000 0.000000
88 1656673618 22.800000 -1.000000 -101.000000 0.000000 0.000000
97 1656673619 12.000000 -1.000000 -101.000000 0.000000 0.000000
97 1656673620 12.000000 -1.000000 -101.000000 0.000000 0.000000
97 1656673621 10.600000 -1.000000 -101.000000 0.000000 0.000000
97 1656673622 10.600000 -1.000000 -101.000000 0.000000 0.000000
97 1656673623 10.600000 -1.000000 -101.000000 0.000000 0.000000
88 1656673619 22.800000 -1.000000 -101.000000 0.000000 0.000000
88 1656673620 22.800000 -1.000000 -101.000000 0.000000 0.000000
88 1656673621 21.400000 -1.000000 -101.000000 0.000000 0.000000
88 1656673622 21.400000 -1.000000 -101.000000 0.000000 0.000000
88 1656673623 21.400000 -1.000000 -101.000000 0.000000 0.000000
97 1656673624 10.600000 -1.000000 -101.000000 0.000000 0.000000
97 1656673625 10.600000 -1.000000 -101.000000 0.000000 0.000000
97 1656673626 10.800000 -1.000000 -101.000000 0.000000 0.000000
97 1656673627 10.800000 -1.000000 -101.000000 0.000000 0.000000
97 1656673628 10.800000 -1.000000 -101.000000 0.000000 0.000000
88 1656673624 21.400000 -1.000000 -101.000000 0.000000 0.000000
88 1656673625 21.400000 -1.000000 -101.000000 0.000000 0.000000
88 1656673626 22.800000 -1.000000 -101.000000 0.000000 0.000000
88 1656673627 22.800000 -1.000000 -101.000000 0.000000 0.000000
88 1656673628 22.800000 -1.000000 -101.000000 0.000000 0.000000
97 1656673629 10.800000 -1.000000 -101.000000 0.000000 0.000000
97 1656673630 10.800000 -1.000000 -101.000000 0.000000 0.000000
97 1656673631 10.600000 -1.000000 -101.000000 0.000000 0.000000
97 1656673632 10.600000 -1.000000 -101.000000 0.000000 0.000000
97 1656673633 10.600000 -1.000000 -101.000000 0.000000 0.000000
88 1656673629 22.800000 -1.000000 -101.000000 0.000000 0.000000
88 1656673630 22.800000 -1.000000 -101.000000 0.000000 0.000000
88 1656673631 20.600000 -1.000000 -101.000000 0.000000 0.000000
88 1656673632 20.600000 -1.000000 -101.000000 0.000000 0.000000
88 1656673633 20.600000 -1.000000 -101.000000 0.000000 0.000000
97 1656673634 10.600000 -1.000000 -101.000000 0.000000 0.000000
97 1656673635 10.600000 -1.000000 -101.000000 0.000000 0.000000
97 1656673636 11.200000 -1.000000 -101.000000 0.000000 0.000000
97 1656673637 11.200000 -1.000000 -101.000000 0.000000 0.000000
97 1656673638 11.200000 -1.000000 -101.000000 0.000000 0.000000
88 1656673634 20.600000 -1.000000 -101.000000 0.000000 0.000000
88 1656673635 20.600000 -1.000000 -101.000000 0.000000 0.000000
88 1656673636 21.200000 -1.000000 -101.000000 0.000000 0.000000
88 1656673637 21.200000 -1.000000 -101.000000 0.000000 0.000000
88 1656673638 21.200000 -1.000000 -101.000000 0.000000 0.000000
97 1656673639 11.200000 -1.000000 -101.000000 0.000000 0.000000
97 1656673640 11.200000 -1.000000 -101.000000 0.000000 0.000000
97 1656673641 10.600000 -1.000000 -101.000000 0.000000 0.000000
97 1656673642 10.600000 -1.000000 -101.000000 0.000000 0.000000
97 1656673643 10.600000 -1.000000 -101.000000 0.000000 0.000000
88 1656673639 21.200000 -1.000000 -101.000000 0.000000 0.000000
88 1656673640 21.200000 -1.000000 -101.000000 0.000000 0.000000
88 1656673641 22.600000 -1.000000 -101.000000 0.000000 0.000000
88 1656673642 22.600000 -1.000000 -101.000000 0.000000 0.000000
88 1656673643 22.600000 -1.000000 -101.000000 0.000000 0.000000
97 1656673644 10.600000 -1.000000 -101.000000 0.000000 0.000000
97 1656673645 10.600000 -1.000000 -101.000000 0.000000 0.000000
97 1656673646 10.600000 -1.000000 -101.000000 0.000000 0.000000
97 1656673647 10.600000 -1.000000 -101.000000 0.000000 0.000000
97 1656673648 10.600000 -1.000000 -101.000000 0.000000 0.000000
88 1656673644 22.600000 -1.000000 -101.000000 0.000000 0.000000
88 1656673645 22.600000 -1.000000 -101.000000 0.000000 0.000000
88 1656673646 20.800000 -1.000000 -101.000000 0.000000 0.000000
88 1656673647 20.800000 -1.000000 -101.000000 0.000000 0.000000
88 1656673648 20.800000 -1.000000 -101.000000 0.000000 0.000000
97 1656673649 10.600000 -1.000000 -101.000000 0.000000 0.000000
97 1656673650 10.600000 -1.000000 -101.000000 0.000000 0.000000
97 1656673651 10.800000 -1.000000 -101.000000 0.000000 0.000000
97 1656673652 10.800000 -1.000000 -101.000000 0.000000 0.000000
97 1656673653 10.800000 -1.000000 -101.000000 0.000000 0.000000
88 1656673649 20.800000 -1.000000 -101.000000 0.000000 0.000000
88 1656673650 20.800000 -1.000000 -101.000000 0.000000 0.000000
88 1656673651 21.400000 -1.000000 -101.000000 0.000000 0.000000
88 1656673652 21.400000 -1.000000 -101.000000 0.000000 0.000000
88 1656673653 21.400000 -1.000000 -101.000000 0.000000 0.000000
97 1656673654 10.800000 -1.000000 -101.000000 0.000000 0.000000
97 1656673655 10.800000 -1.000000 -101.000000 0.000000 0.000000
97 1656673656 9.800000 -1.000000 -101.000000 0.000000 0.000000
97 1656673657 9.800000 -1.000000 -101.000000 0.000000 0.000000
97 1656673658 9.800000 -1.000000 -101.000000 0.000000 0.000000
88 1656673654 21.400000 -1.000000 -101.000000 0.000000 0.000000
88 1656673655 21.400000 -1.000000 -101.000000 0.000000 0.000000
88 1656673656 20.000000 -1.000000 -101.000000 0.000000 0.000000
88 1656673657 20.000000 -1.000000 -101.000000 0.000000 0.000000
88 1656673658 20.000000 -1.000000 -101.000000 0.000000 0.000000
97 1656673659 9.800000 -1.000000 -101.000000 0.000000 0.000000
97 1656673660 9.800000 -1.000000 -101.000000 0.000000 0.000000
97 1656673661 10.800000 -1.000000 -101.000000 0.000000 0.000000
97 1656673662 10.800000 -1.000000 -101.000000 0.000000 0.000000
97 1656673663 10.800000 -1.000000 -101.000000 0.000000 0.000000
88 1656673659 20.000000 -1.000000 -101.000000 0.000000 0.000000
88 1656673660 20.000000 -1.000000 -101.000000 0.000000 0.000000
88 1656673661 21.400000 -1.000000 -101.000000 0.000000 0.000000
88 1656673662 21.400000 -1.000000 -101.000000 0.000000 0.000000
88 1656673663 21.400000 -1.000000 -101.000000 0.000000 0.000000
97 1656673664 10.800000 -1.000000 -101.000000 0.000000 0.000000
97 1656673665 10.800000 -1.000000 -101.000000 0.000000 0.000000
97 1656673666 10.000000 -1.000000 -101.000000 0.000000 0.000000
97 1656673667 10.000000 -1.000000 -101.000000 0.000000 0.000000
97 1656673668 10.000000 -1.000000 -101.000000 0.000000 0.000000
88 1656673664 21.400000 -1.000000 -101.000000 0.000000 0.000000
88 1656673665 21.400000 -1.000000 -101.000000 0.000000 0.000000
88 1656673666 20.200000 -1.000000 -101.000000 0.000000 0.000000
88 1656673667 20.200000 -1.000000 -101.000000 0.000000 0.000000
88 1656673668 20.200000 -1.000000 -101.000000 0.000000 0.000000
97 1656673669 10.000000 -1.000000 -101.000000 0.000000 0.000000
97 1656673670 10.000000 -1.000000 -101.000000 0.000000 0.000000
97 1656673671 9.800000 -1.000000 -101.000000 0.000000 0.000000
97 1656673672 9.800000 -1.000000 -101.000000 0.000000 0.000000
97 1656673673 9.800000 -1.000000 -101.000000 0.000000 0.000000
88 1656673669 20.200000 -1.000000 -101.000000 0.000000 0.000000
88 1656673670 20.200000 -1.000000 -101.000000 0.000000 0.000000
88 1656673671 20.200000 -1.000000 -101.000000 0.000000 0.000000
88 1656673672 20.200000 -1.000000 -101.000000 0.000000 0.000000
88 1656673673 20.200000 -1.000000 -101.000000 0.000000 0.000000
97 1656673674 9.800000 -1.000000 -101.000000 0.000000 0.000000
97 1656673675 9.800000 -1.000000 -101.000000 0.000000 0.000000
97 1656673676 10.600000 -1.000000 -101.000000 0.000000 0.000000
97 1656673677 10.600000 -1.000000 -101.000000 0.000000 0.000000
97 1656673678 10.600000 -1.000000 -101.000000 0.000000 0.000000
88 1656673674 20.200000 -1.000000 -101.000000 0.000000 0.000000
88 1656673675 20.200000 -1.000000 -101.000000 0.000000 0.000000
88 1656673676 19.400000 -1.000000 -101.000000 0.000000 0.000000
88 1656673677 19.400000 -1.000000 -101.000000 0.000000 0.000000
88 1656673678 19.400000 -1.000000 -101.000000 0.000000 0.000000
97 1656673679 10.600000 -1.000000 -101.000000 0.000000 0.000000
97 1656673680 10.600000 -1.000000 -101.000000 0.000000 0.000000
97 1656673681 9.000000 -1.000000 -101.000000 0.000000 0.000000
97 1656673682 9.000000 -1.000000 -101.000000 0.000000 0.000000
97 1656673683 9.000000 -1.000000 -101.000000 0.000000 0.000000
88 1656673679 19.400000 -1.000000 -101.000000 0.000000 0.000000
88 1656673680 19.400000 -1.000000 -101.000000 0.000000 0.000000
88 1656673681 19.600000 -1.000000 -101.000000 0.000000 0.000000
88 1656673682 19.600000 -1.000000 -101.000000 0.000000 0.000000
88 1656673683 19.600000 -1.000000 -101.000000 0.000000 0.000000
97 1656673684 9.000000 -1.000000 -101.000000 0.000000 0.000000
97 1656673685 9.000000 -1.000000 -101.000000 0.000000 0.000000
97 1656673686 10.800000 -1.000000 -101.000000 0.000000 0.000000
97 1656673687 10.800000 -1.000000 -101.000000 0.000000 0.000000
97 1656673688 10.800000 -1.000000 -101.000000 0.000000 0.000000
88 1656673684 19.600000 -1.000000 -101.000000 0.000000 0.000000
88 1656673685 19.600000 -1.000000 -101.000000 0.000000 0.000000
88 1656673686 20.400000 -1.000000 -101.000000 0.000000 0.000000
88 1656673687 20.400000 -1.000000 -101.000000 0.000000 0.000000
88 1656673688 20.400000 -1.000000 -101.000000 0.000000 0.000000
97 1656673689 10.800000 -1.000000 -101.000000 0.000000 0.000000
97 1656673690 10.800000 -1.000000 -101.000000 0.000000 0.000000
97 1656673691 9.200000 -1.000000 -101.000000 0.000000 0.000000
97 1656673692 9.200000 -1.000000 -101.000000 0.000000 0.000000
97 1656673693 9.200000 -1.000000 -101.000000 0.000000 0.000000
88 1656673689 20.400000 -1.000000 -101.000000 0.000000 0.000000
88 1656673690 20.400000 -1.000000 -101.000000 0.000000 0.000000
88 1656673691 19.800000 -1.000000 -101.000000 0.000000 0.000000
88 1656673692 19.800000 -1.000000 -101.000000 0.000000 0.000000
88 1656673693 19.800000 -1.000000 -101.000000 0.000000 0.000000
97 1656673694 9.200000 -1.000000 -101.000000 0.000000 0.000000
97 1656673695 9.200000 -1.000000 -101.000000 0.000000 0.000000
97 1656673696 10.800000 -1.000000 -101.000000 0.000000 0.000000
97 1656673697 10.800000 -1.000000 -101.000000 0.000000 0.000000
97 1656673698 10.800000 -1.000000 -101.000000 0.000000 0.000000
88 1656673694 19.800000 -1.000000 -101.000000 0.000000 0.000000
88 1656673695 19.800000 -1.000000 -101.000000 0.000000 0.000000
88 1656673696 20.400000 -1.000000 -101.000000 0.000000 0.000000
88 1656673697 20.400000 -1.000000 -101.000000 0.000000 0.000000
88 1656673698 20.400000 -1.000000 -101.000000 0.000000 0.000000
97 1656673699 10.800000 -1.000000 -101.000000 0.000000 0.000000
97 1656673700 10.800000 -1.000000 -101.000000 0.000000 0.000000
97 1656673701 9.000000 -1.000000 -101.000000 0.000000 0.000000
97 1656673702 9.000000 -1.000000 -101.000000 0.000000 0.000000
97 1656673703 9.000000 -1.000000 -101.000000 0.000000 0.000000
88 1656673699 20.400000 -1.000000 -101.000000 0.000000 0.000000
88 1656673700 20.400000 -1.000000 -101.000000 0.000000 0.000000
88 1656673701 19.000000 -1.000000 -101.000000 0.000000 0.000000
88 1656673702 19.000000 -1.000000 -101.000000 0.000000 0.000000
88 1656673703 19.000000 -1.000000 -101.000000 0.000000 0.000000
97 1656673704 9.000000 -1.000000 -101.000000 0.000000 0.000000
97 1656673705 9.000000 -1.000000 -101.000000 0.000000 0.000000
97 1656673706 10.000000 -1.000000 -101.000000 0.000000 0.000000
97 1656673707 10.000000 -1.000000 -101.000000 0.000000 0.000000
97 1656673708 10.000000 -1.000000 -101.000000 0.000000 0.000000
88 1656673704 19.000000 -1.000000 -101.000000 0.000000 0.000000
88 1656673705 19.000000 -1.000000 -101.000000 0.000000 0.000000
88 1656673706 19.600000 -1.000000 -101.000000 0.000000 0.000000
88 1656673707 19.600000 -1.000000 -101.000000 0.000000 0.000000
88 1656673708 19.600000 -1.000000 -101.000000 0.000000 0.000000
97 1656673709 10.000000 -1.000000 -101.000000 0.000000 0.000000
97 1656673710 10.000000 -1.000000 -101.000000 0.000000 0.000000
97 1656673711 9.800000 -1.000000 -101.000000 0.000000 0.000000
97 1656673712 9.800000 -1.000000 -101.000000 0.000000 0.000000
97 1656673713 9.800000 -1.000000 -101.000000 0.000000 0.000000
88 1656673709 19.600000 -1.000000 -101.000000 0.000000 0.000000
88 1656673710 19.600000 -1.000000 -101.000000 0.000000 0.000000
88 1656673711 19.600000 -1.000000 -101.000000 0.000000 0.000000
88 1656673712 19.600000 -1.000000 -101.000000 0.000000 0.000000
88 1656673713 19.600000 -1.000000 -101.000000 0.000000 0.000000
97 1656673714 9.800000 -1.000000 -101.000000 0.000000 0.000000
97 1656673715 9.800000 -1.000000 -101.000000 0.000000 0.000000
97 1656673716 9.600000 -1.000000 -101.000000 0.000000 0.000000
97 1656673717 9.600000 -1.000000 -101.000000 0.000000 0.000000
97 1656673718 9.600000 -1.000000 -101.000000 0.000000 0.000000
88 1656673714 19.600000 -1.000000 -101.000000 0.000000 0.000000
88 1656673715 19.600000 -1.000000 -101.000000 0.000000 0.000000
88 1656673716 19.400000 -1.000000 -101.000000 0.000000 0.000000
88 1656673717 19.400000 -1.000000 -101.000000 0.000000 0.000000
88 1656673718 19.400000 -1.000000 -101.000000 0.000000 0.000000
97 1656673719 9.600000 -1.000000 -101.000000 0.000000 0.000000
97 1656673720 9.600000 -1.000000 -101.000000 0.000000 0.000000
97 1656673721 9.000000 -1.000000 -101.000000 0.000000 0.000000
97 1656673722 9.000000 -1.000000 -101.000000 0.000000 0.000000
97 1656673723 9.000000 -1.000000 -101.000000 0.000000 0.000000
88 1656673719 19.400000 -1.000000 -101.000000 0.000000 0.000000
88 1656673720 19.400000 -1.000000 -101.000000 0.000000 0.000000
88 1656673721 17.400000 -1.000000 -101.000000 0.000000 0.000000
88 1656673722 17.400000 -1.000000 -101.000000 0.000000 0.000000
88 1656673723 17.400000 -1.000000 -101.000000 0.000000 0.000000
97 1656673724 9.000000 -1.000000 -101.000000 0.000000 0.000000
97 1656673725 9.000000 -1.000000 -101.000000 0.000000 0.000000
97 1656673726 9.600000 -1.000000 -101.000000 0.000000 0.000000
97 1656673727 9.600000 -1.000000 -101.000000 0.000000 0.000000
97 1656673728 9.600000 -1.000000 -101.000000 0.000000 0.000000
88 1656673724 17.400000 -1.000000 -101.000000 0.000000 0.000000
88 1656673725 17.400000 -1.000000 -101.000000 0.000000 0.000000
88 1656673726 20.000000 -1.000000 -101.000000 0.000000 0.000000
88 1656673727 20.000000 -1.000000 -101.000000 0.000000 0.000000
88 1656673728 20.000000 -1.000000 -101.000000 0.000000 0.000000
97 1656673729 9.600000 -1.000000 -101.000000 0.000000 0.000000
97 1656673730 9.600000 -1.000000 -101.000000 0.000000 0.000000
97 1656673731 10.000000 -1.000000 -101.000000 0.000000 0.000000
97 1656673732 10.000000 -1.000000 -101.000000 0.000000 0.000000
97 1656673733 10.000000 -1.000000 -101.000000 0.000000 0.000000
88 1656673729 20.000000 -1.000000 -101.000000 0.000000 0.000000
88 1656673730 20.000000 -1.000000 -101.000000 0.000000 0.000000
88 1656673731 19.600000 -1.000000 -101.000000 0.000000 0.000000
88 1656673732 19.600000 -1.000000 -101.000000 0.000000 0.000000
88 1656673733 19.600000 -1.000000 -101.000000 0.000000 0.000000
97 1656673734 10.000000 -1.000000 -101.000000 0.000000 0.000000
97 1656673735 10.000000 -1.000000 -101.000000 0.000000 0.000000
97 1656673736 8.400000 -1.000000 -101.000000 0.000000 0.000000
97 1656673737 8.400000 -1.000000 -101.000000 0.000000 0.000000
97 1656673738 8.400000 -1.000000 -101.000000 0.000000 0.000000
88 1656673734 19.600000 -1.000000 -101.000000 0.000000 0.000000
88 1656673735 19.600000 -1.000000 -101.000000 0.000000 0.000000
88 1656673736 17.400000 -1.000000 -101.000000 0.000000 0.000000
88 1656673737 17.400000 -1.000000 -101.000000 0.000000 0.000000
88 1656673738 17.400000 -1.000000 -101.000000 0.000000 0.000000
97 1656673739 8.400000 -1.000000 -101.000000 0.000000 0.000000
97 1656673740 8.400000 -1.000000 -101.000000 0.000000 0.000000
97 1656673741 10.400000 -1.000000 -101.000000 0.000000 0.000000
97 1656673742 10.400000 -1.000000 -101.000000 0.000000 0.000000
97 1656673743 10.400000 -1.000000 -101.000000 0.000000 0.000000
88 1656673739 17.400000 -1.000000 -101.000000 0.000000 0.000000
88 1656673740 17.400000 -1.000000 -101.000000 0.000000 0.000000
88 1656673741 19.000000 -1.000000 -101.000000 0.000000 0.000000
88 1656673742 19.000000 -1.000000 -101.000000 0.000000 0.000000
88 1656673743 19.000000 -1.000000 -101.000000 0.000000 0.000000
97 1656673744 10.400000 -1.000000 -101.000000 0.000000 0.000000
97 1656673745 10.400000 -1.000000 -101.000000 0.000000 0.000000
97 1656673746 8.800000 -1.000000 -101.000000 0.000000 0.000000
97 1656673747 8.800000 -1.000000 -101.000000 0.000000 0.000000
97 1656673748 8.800000 -1.000000 -101.000000 0.000000 0.000000
88 1656673744 19.000000 -1.000000 -101.000000 0.000000 0.000000
88 1656673745 19.000000 -1.000000 -101.000000 0.000000 0.000000
88 1656673746 18.200000 -1.000000 -101.000000 0.000000 0.000000
88 1656673747 18.200000 -1.000000 -101.000000 0.000000 0.000000
88 1656673748 18.200000 -1.000000 -101.000000 0.000000 0.000000
97 1656673749 8.800000 -1.000000 -101.000000 0.000000 0.000000
97 1656673750 8.800000 -1.000000 -101.000000 0.000000 0.000000
97 1656673751 10.000000 -1.000000 -101.000000 0.000000 0.000000
97 1656673752 10.000000 -1.000000 -101.000000 0.000000 0.000000
97 1656673753 10.000000 -1.000000 -101.000000 0.000000 0.000000
88 1656673749 18.200000 -1.000000 -101.000000 0.000000 0.000000
88 1656673750 18.200000 -1.000000 -101.000000 0.000000 0.000000
88 1656673751 19.800000 -1.000000 -101.000000 0.000000 0.000000
88 1656673752 19.800000 -1.000000 -101.000000 0.000000 0.000000
88 1656673753 19.800000 -1.000000 -101.000000 0.000000 0.000000
97 1656673754 10.000000 -1.000000 -101.000000 0.000000 0.000000
97 1656673755 10.000000 -1.000000 -101.000000 0.000000 0.000000
97 1656673756 8.400000 -1.000000 -101.000000 0.000000 0.000000
97 1656673757 8.400000 -1.000000 -101.000000 0.000000 0.000000
97 1656673758 8.400000 -1.000000 -101.000000 0.000000 0.000000
88 1656673754 19.800000 -1.000000 -101.000000 0.000000 0.000000
88 1656673755 19.800000 -1.000000 -101.000000 0.000000 0.000000
88 1656673756 16.400000 -1.000000 -101.000000 0.000000 0.000000
88 1656673757 16.400000 -1.000000 -101.000000 0.000000 0.000000
88 1656673758 16.400000 -1.000000 -101.000000 0.000000 0.000000
97 1656673759 8.400000 -1.000000 -101.000000 0.000000 0.000000
97 1656673760 8.400000 -1.000000 -101.000000 0.000000 0.000000
97 1656673761 9.200000 -1.000000 -101.000000 0.000000 0.000000
97 1656673762 9.200000 -1.000000 -101.000000 0.000000 0.000000
97 1656673763 9.200000 -1.000000 -101.000000 0.000000 0.000000
88 1656673759 16.400000 -1.000000 -101.000000 0.000000 0.000000
88 1656673760 16.400000 -1.000000 -101.000000 0.000000 0.000000
88 1656673761 18.000000 -1.000000 -101.000000 0.000000 0.000000
88 1656673762 18.000000 -1.000000 -101.000000 0.000000 0.000000
88 1656673763 18.000000 -1.000000 -101.000000 0.000000 0.000000
97 1656673764 9.200000 -1.000000 -101.000000 0.000000 0.000000
97 1656673765 9.200000 -1.000000 -101.000000 0.000000 0.000000
97 1656673766 8.000000 -1.000000 -101.000000 0.000000 0.000000
97 1656673767 8.000000 -1.000000 -101.000000 0.000000 0.000000
97 1656673768 8.000000 -1.000000 -101.000000 0.000000 0.000000
97 1656673769 8.000000 -1.000000 -101.000000 0.000000 0.000000
88 1656673764 18.000000 -1.000000 -101.000000 0.000000 0.000000
88 1656673765 18.000000 -1.000000 -101.000000 0.000000 0.000000
88 1656673766 16.400000 -1.000000 -101.000000 0.000000 0.000000
88 1656673767 16.400000 -1.000000 -101.000000 0.000000 0.000000
88 1656673768 16.400000 -1.000000 -101.000000 0.000000 0.000000
88 1656673769 16.400000 -1.000000 -101.000000 0.000000 0.000000
97 1656673770 8.000000 -1.000000 -101.000000 0.000000 0.000000
97 1656673771 9.800000 -1.000000 -101.000000 0.000000 0.000000
97 1656673772 9.800000 -1.000000 -101.000000 0.000000 0.000000
97 1656673773 9.800000 -1.000000 -101.000000 0.000000 0.000000
97 1656673774 9.800000 -1.000000 -101.000000 0.000000 0.000000
88 1656673770 16.400000 -1.000000 -101.000000 0.000000 0.000000
88 1656673771 18.000000 -1.000000 -101.000000 0.000000 0.000000
88 1656673772 18.000000 -1.000000 -101.000000 0.000000 0.000000
88 1656673773 18.000000 -1.000000 -101.000000 0.000000 0.000000
88 1656673774 18.000000 -1.000000 -101.000000 0.000000 0.000000
97 1656673775 9.800000 -1.000000 -101.000000 0.000000 0.000000
88 1656673775 18.000000 -1.000000 -101.000000 0.000000 0.000000
88 1656673838 10.666667 -1.000000 10.666667 10.666667 0.000000
88 1656673837 10.666667 -1.000000 10.666667 10.666667 0.000000
88 1656673836 10.666667 -1.000000 10.666667 10.666667 0.000000
88 1656673835 14.400000 -1.000000 14.400000 14.400000 0.000000
88 1656673834 14.400000 -1.000000 14.400000 14.400000 0.000000
88 1656673833 14.400000 -1.000000 14.400000 14.400000 0.000000
88 1656673832 14.400000 -1.000000 14.400000 14.400000 0.000000
88 1656673831 14.400000 -1.000000 14.400000 14.400000 0.000000
88 1656673830 16.600000 -1.000000 16.600000 16.600000 0.000000
88 1656673829 16.600000 -1.000000 16.600000 16.600000 0.000000
88 1656673828 16.600000 -1.000000 16.600000 16.600000 0.000000
88 1656673827 16.600000 -1.000000 16.600000 16.600000 0.000000
88 1656673826 16.600000 -1.000000 16.600000 16.600000 0.000000
88 1656673825 17.000000 -1.000000 17.000000 17.000000 0.000000
88 1656673824 17.000000 -1.000000 17.000000 17.000000 0.000000
88 1656673823 17.000000 -1.000000 17.000000 17.000000 0.000000
88 1656673822 17.000000 -1.000000 17.000000 17.000000 0.000000
88 1656673821 17.000000 -1.000000 17.000000 17.000000 0.000000
88 1656673820 18.000000 -1.000000 18.000000 18.000000 0.000000
88 1656673819 18.000000 -1.000000 18.000000 18.000000 0.000000
88 1656673818 18.000000 -1.000000 18.000000 18.000000 0.000000
88 1656673817 18.000000 -1.000000 18.000000 18.000000 0.000000
88 1656673816 18.000000 -1.000000 18.000000 18.000000 0.000000
88 1656673815 17.800000 -1.000000 17.800000 17.800000 0.000000
88 1656673814 17.800000 -1.000000 17.800000 17.800000 0.000000
88 1656673813 17.800000 -1.000000 17.800000 17.800000 0.000000
88 1656673812 17.800000 -1.000000 17.800000 17.800000 0.000000
88 1656673811 17.800000 -1.000000 17.800000 17.800000 0.000000
88 1656673810 17.200000 -1.000000 17.200000 17.200000 0.000000
88 1656673809 17.200000 -1.000000 17.200000 17.200000 0.000000
88 1656673808 17.200000 -1.000000 17.200000 17.200000 0.000000
88 1656673807 17.200000 -1.000000 17.200000 17.200000 0.000000
88 1656673806 17.200000 -1.000000 17.200000 17.200000 0.000000
88 1656673805 18.000000 -1.000000 18.000000 18.000000 0.000000
88 1656673804 18.000000 -1.000000 18.000000 18.000000 0.000000
88 1656673803 18.000000 -1.000000 18.000000 18.000000 0.000000
88 1656673802 18.000000 -1.000000 18.000000 18.000000 0.000000
88 1656673801 18.000000 -1.000000 18.000000 18.000000 0.000000
88 1656673800 17.400000 -1.000000 17.400000 17.400000 0.000000
88 1656673799 17.400000 -1.000000 17.400000 17.400000 0.000000
88 1656673798 17.400000 -1.000000 17.400000 17.400000 0.000000
88 1656673797 17.400000 -1.000000 17.400000 17.400000 0.000000
88 1656673796 17.400000 -1.000000 17.400000 17.400000 0.000000
88 1656673795 18.200000 -1.000000 18.200000 18.200000 0.000000
88 1656673794 18.200000 -1.000000 18.200000 18.200000 0.000000
88 1656673793 18.200000 -1.000000 18.200000 18.200000 0.000000
88 1656673792 18.200000 -1.000000 18.200000 18.200000 0.000000
88 1656673791 18.200000 -1.000000 18.200000 18.200000 0.000000
88 1656673790 18.600000 -1.000000 18.600000 18.600000 0.000000
88 1656673789 18.600000 -1.000000 18.600000 18.600000 0.000000
88 1656673788 18.600000 -1.000000 18.600000 18.600000 0.000000
88 1656673787 18.600000 -1.000000 18.600000 18.600000 0.000000
88 1656673786 18.600000 -1.000000 18.600000 18.600000 0.000000
88 1656673785 18.400000 -1.000000 18.400000 18.400000 0.000000
88 1656673784 18.400000 -1.000000 18.400000 18.400000 0.000000
88 1656673783 18.400000 -1.000000 18.400000 18.400000 0.000000
88 1656673782 18.400000 -1.000000 18.400000 18.400000 0.000000
88 1656673781 18.400000 -1.000000 18.400000 18.400000 0.000000
88 1656673780 17.600000 -1.000000 17.600000 17.600000 0.000000
88 1656673779 17.600000 -1.000000 17.600000 17.600000 0.000000
88 1656673778 17.600000 -1.000000 17.600000 17.600000 0.000000
88 1656673777 17.600000 -1.000000 17.600000 17.600000 0.000000
88 1656673776 17.600000 -1.000000 17.600000 17.600000 0.000000
97 1656673838 5.666667 -1.000000 5.666667 5.666667 0.000000
97 1656673837 5.666667 -1.000000 5.666667 5.666667 0.000000
97 1656673836 5.666667 -1.000000 5.666667 5.666667 0.000000
97 1656673835 7.200000 -1.000000 7.200000 7.200000 0.000000
97 1656673834 7.200000 -1.000000 7.200000 7.200000 0.000000
97 1656673833 7.200000 -1.000000 7.200000 7.200000 0.000000
97 1656673832 7.200000 -1.000000 7.200000 7.200000 0.000000
97 1656673831 7.200000 -1.000000 7.200000 7.200000 0.000000
97 1656673830 8.400000 -1.000000 8.400000 8.400000 0.000000
97 1656673829 8.400000 -1.000000 8.400000 8.400000 0.000000
97 1656673828 8.400000 -1.000000 8.400000 8.400000 0.000000
97 1656673827 8.400000 -1.000000 8.400000 8.400000 0.000000
97 1656673826 8.400000 -1.000000 8.400000 8.400000 0.000000
97 1656673825 8.800000 -1.000000 8.800000 8.800000 0.000000
97 1656673824 8.800000 -1.000000 8.800000 8.800000 0.000000
97 1656673823 8.800000 -1.000000 8.800000 8.800000 0.000000
97 1656673822 8.800000 -1.000000 8.800000 8.800000 0.000000
97 1656673821 8.800000 -1.000000 8.800000 8.800000 0.000000
97 1656673820 9.000000 -1.000000 9.000000 9.000000 0.000000
97 1656673819 9.000000 -1.000000 9.000000 9.000000 0.000000
97 1656673818 9.000000 -1.000000 9.000000 9.000000 0.000000
97 1656673817 9.000000 -1.000000 9.000000 9.000000 0.000000
97 1656673816 9.000000 -1.000000 9.000000 9.000000 0.000000
97 1656673815 9.200000 -1.000000 9.200000 9.200000 0.000000
97 1656673814 9.200000 -1.000000 9.200000 9.200000 0.000000
97 1656673813 9.200000 -1.000000 9.200000 9.200000 0.000000
97 1656673812 9.200000 -1.000000 9.200000 9.200000 0.000000
97 1656673811 9.200000 -1.000000 9.200000 9.200000 0.000000
97 1656673810 8.800000 -1.000000 8.800000 8.800000 0.000000
97 1656673809 8.800000 -1.000000 8.800000 8.800000 0.000000
97 1656673808 8.800000 -1.000000 8.800000 8.800000 0.000000
97 1656673807 8.800000 -1.000000 8.800000 8.800000 0.000000
97 1656673806 8.800000 -1.000000 8.800000 8.800000 0.000000
97 1656673805 9.200000 -1.000000 9.200000 9.200000 0.000000
97 1656673804 9.200000 -1.000000 9.200000 9.200000 0.000000
97 1656673803 9.200000 -1.000000 9.200000 9.200000 0.000000
97 1656673802 9.200000 -1.000000 9.200000 9.200000 0.000000
97 1656673801 9.200000 -1.000000 9.200000 9.200000 0.000000
97 1656673800 8.600000 -1.000000 8.600000 8.600000 0.000000
97 1656673799 8.600000 -1.000000 8.600000 8.600000 0.000000
97 1656673798 8.600000 -1.000000 8.600000 8.600000 0.000000
97 1656673797 8.600000 -1.000000 8.600000 8.600000 0.000000
97 1656673796 8.600000 -1.000000 8.600000 8.600000 0.000000
97 1656673795 9.400000 -1.000000 9.400000 9.400000 0.000000
97 1656673794 9.400000 -1.000000 9.400000 9.400000 0.000000
97 1656673793 9.400000 -1.000000 9.400000 9.400000 0.000000
97 1656673792 9.400000 -1.000000 9.400000 9.400000 0.000000
97 1656673791 9.400000 -1.000000 9.400000 9.400000 0.000000
97 1656673790 9.400000 -1.000000 9.400000 9.400000 0.000000
97 1656673789 9.400000 -1.000000 9.400000 9.400000 0.000000
97 1656673788 9.400000 -1.000000 9.400000 9.400000 0.000000
97 1656673787 9.400000 -1.000000 9.400000 9.400000 0.000000
97 1656673786 9.400000 -1.000000 9.400000 9.400000 0.000000
97 1656673785 9.600000 -1.000000 9.600000 9.600000 0.000000
97 1656673784 9.600000 -1.000000 9.600000 9.600000 0.000000
97 1656673783 9.600000 -1.000000 9.600000 9.600000 0.000000
97 1656673782 9.600000 -1.000000 9.600000 9.600000 0.000000
97 1656673781 9.600000 -1.000000 9.600000 9.600000 0.000000
97 1656673780 8.400000 -1.000000 8.400000 8.400000 0.000000
97 1656673779 8.400000 -1.000000 8.400000 8.400000 0.000000
97 1656673778 8.400000 -1.000000 8.400000 8.400000 0.000000
97 1656673777 8.400000 -1.000000 8.400000 8.400000 0.000000
97 1656673776 8.400000 -1.000000 8.400000 8.400000 0.000000
