92 1656673371 315.000000 -1.000000 -101.000000 0.000000 0.000000
92 1656673372 315.000000 -1.000000 -101.000000 0.000000 0.000000
92 1656673373 315.000000 -1.000000 -101.000000 0.000000 0.000000
92 1656673374 315.000000 -1.000000 -101.000000 0.000000 0.000000
92 1656673375 315.000000 -1.000000 -101.000000 0.000000 0.000000
92 1656673376 513.600000 -1.000000 -101.000000 0.000000 0.000000
92 1656673377 513.600000 -1.000000 -101.000000 0.000000 0.000000
92 1656673378 513.600000 -1.000000 -101.000000 0.000000 0.000000
101 1656673376 10.200000 -1.000000 -101.000000 0.000000 0.000000
101 1656673377 10.200000 -1.000000 -101.000000 0.000000 0.000000
101 1656673378 10.200000 -1.000000 -101.000000 0.000000 0.000000
92 1656673379 513.600000 -1.000000 -101.000000 0.000000 0.000000
92 1656673380 513.600000 -1.000000 -101.000000 0.000000 0.000000
92 1656673381 638.400000 -1.000000 -101.000000 0.000000 0.000000
92 1656673382 638.400000 -1.000000 -101.000000 0.000000 0.000000
92 1656673383 638.400000 -1.000000 -101.000000 0.000000 0.000000
101 1656673379 10.200000 -1.000000 -101.000000 0.000000 0.000000
101 1656673380 10.200000 -1.000000 -101.000000 0.000000 0.000000
101 1656673381 16.800000 -1.000000 -101.000000 0.000000 0.000000
101 1656673382 16.800000 -1.000000 -101.000000 0.000000 0.000000
101 1656673383 16.800000 -1.000000 -101.000000 0.000000 0.000000
92 1656673384 638.400000 -1.000000 -101.000000 0.000000 0.000000
92 1656673385 638.400000 -1.000000 -101.000000 0.000000 0.000000
92 1656673386 668.800000 -1.000000 -101.000000 0.000000 0.000000
92 1656673387 668.800000 -1.000000 -101.000000 0.000000 0.000000
92 1656673388 668.800000 -1.000000 -101.000000 0.000000 0.000000
101 1656673384 16.800000 -1.000000 -101.000000 0.000000 0.000000
101 1656673385 16.800000 -1.000000 -101.000000 0.000000 0.000000
101 1656673386 17.600000 -1.000000 -101.000000 0.000000 0.000000
101 1656673387 17.600000 -1.000000 -101.000000 0.000000 0.000000
101 1656673388 17.600000 -1.000000 -101.000000 0.000000 0.000000
92 1656673389 668.800000 -1.000000 -101.000000 0.000000 0.000000
92 1656673390 668.800000 -1.000000 -101.000000 0.000000 0.000000
92 1656673391 729.600000 -1.000000 -101.000000 0.000000 0.000000
92 1656673392 729.600000 -1.000000 -101.000000 0.000000 0.000000
92 1656673393 729.600000 -1.000000 -101.000000 0.000000 0.000000
101 1656673389 17.600000 -1.000000 -101.000000 0.000000 0.000000
101 1656673390 17.600000 -1.000000 -101.000000 0.000000 0.000000
101 1656673391 19.200000 -1.000000 -101.000000 0.000000 0.000000
101 1656673392 19.200000 -1.000000 -101.000000 0.000000 0.000000
101 1656673393 19.200000 -1.000000 -101.000000 0.000000 0.000000
92 1656673394 729.600000 -1.000000 -101.000000 0.000000 0.000000
92 1656673395 729.600000 -1.000000 -101.000000 0.000000 0.000000
92 1656673396 722.000000 -1.000000 -101.000000 0.000000 0.000000
92 1656673397 722.000000 -1.000000 -101.000000 0.000000 0.000000
92 1656673398 722.000000 -1.000000 -101.000000 0.000000 0.000000
101 1656673394 19.200000 -1.000000 -101.000000 0.000000 0.000000
101 1656673395 19.200000 -1.000000 -101.000000 0.000000 0.000000
101 1656673396 19.000000 -1.000000 -101.000000 0.000000 0.000000
101 1656673397 19.000000 -1.000000 -101.000000 0.000000 0.000000
101 1656673398 19.000000 -1.000000 -101.000000 0.000000 0.000000
92 1656673399 722.000000 -1.000000 -101.000000 0.000000 0.000000
92 1656673400 722.000000 -1.000000 -101.000000 0.000000 0.000000
92 1656673401 706.800000 -1.000000 -101.000000 0.000000 0.000000
92 1656673402 706.800000 -1.000000 -101.000000 0.000000 0.000000
92 1656673403 706.800000 -1.000000 -101.000000 0.000000 0.000000
101 1656673399 19.000000 -1.000000 -101.000000 0.000000 0.000000
101 1656673400 19.000000 -1.000000 -101.000000 0.000000 0.000000
101 1656673401 18.600000 -1.000000 -101.000000 0.000000 0.000000
101 1656673402 18.600000 -1.000000 -101.000000 0.000000 0.000000
101 1656673403 18.600000 -1.000000 -101.000000 0.000000 0.000000
92 1656673404 706.800000 -1.000000 -101.000000 0.000000 0.000000
92 1656673405 706.800000 -1.000000 -101.000000 0.000000 0.000000
92 1656673406 706.800000 -1.000000 -101.000000 0.000000 0.000000
92 1656673407 706.800000 -1.000000 -101.000000 0.000000 0.000000
92 1656673408 706.800000 -1.000000 -101.000000 0.000000 0.000000
101 1656673404 18.600000 -1.000000 -101.000000 0.000000 0.000000
101 1656673405 18.600000 -1.000000 -101.000000 0.000000 0.000000
101 1656673406 18.600000 -1.000000 -101.000000 0.000000 0.000000
101 1656673407 18.600000 -1.000000 -101.000000 0.000000 0.000000
101 1656673408 18.600000 -1.000000 -101.000000 0.000000 0.000000
92 1656673409 706.800000 -1.000000 -101.000000 0.000000 0.000000
92 1656673410 706.800000 -1.000000 -101.000000 0.000000 0.000000
92 1656673411 714.400000 -1.000000 -101.000000 0.000000 0.000000
92 1656673412 714.400000 -1.000000 -101.000000 0.000000 0.000000
92 1656673413 714.400000 -1.000000 -101.000000 0.000000 0.000000
101 1656673409 18.600000 -1.000000 -101.000000 0.000000 0.000000
101 1656673410 18.600000 -1.000000 -101.000000 0.000000 0.000000
101 1656673411 18.800000 -1.000000 -101.000000 0.000000 0.000000
101 1656673412 18.800000 -1.000000 -101.000000 0.000000 0.000000
101 1656673413 18.800000 -1.000000 -101.000000 0.000000 0.000000
92 1656673414 714.400000 -1.000000 -101.000000 0.000000 0.000000
92 1656673415 714.400000 -1.000000 -101.000000 0.000000 0.000000
92 1656673416 691.600000 -1.000000 -101.000000 0.000000 0.000000
92 1656673417 691.600000 -1.000000 -101.000000 0.000000 0.000000
92 1656673418 691.600000 -1.000000 -101.000000 0.000000 0.000000
101 1656673414 18.800000 -1.000000 -101.000000 0.000000 0.000000
101 1656673415 18.800000 -1.000000 -101.000000 0.000000 0.000000
101 1656673416 18.200000 -1.000000 -101.000000 0.000000 0.000000
101 1656673417 18.200000 -1.000000 -101.000000 0.000000 0.000000
101 1656673418 18.200000 -1.000000 -101.000000 0.000000 0.000000
92 1656673419 691.600000 -1.000000 -101.000000 0.000000 0.000000
92 1656673420 691.600000 -1.000000 -101.000000 0.000000 0.000000
92 1656673421 684.000000 -1.000000 -101.000000 0.000000 0.000000
92 1656673422 684.000000 -1.000000 -101.000000 0.000000 0.000000
92 1656673423 684.000000 -1.000000 -101.000000 0.000000 0.000000
101 1656673419 18.200000 -1.000000 -101.000000 0.000000 0.000000
101 1656673420 18.200000 -1.000000 -101.000000 0.000000 0.000000
101 1656673421 18.000000 -1.000000 -101.000000 0.000000 0.000000
101 1656673422 18.000000 -1.000000 -101.000000 0.000000 0.000000
101 1656673423 18.000000 -1.000000 -101.000000 0.000000 0.000000
92 1656673424 684.000000 -1.000000 -101.000000 0.000000 0.000000
92 1656673425 684.000000 -1.000000 -101.000000 0.000000 0.000000
92 1656673426 684.000000 -1.000000 -101.000000 0.000000 0.000000
92 1656673427 684.000000 -1.000000 -101.000000 0.000000 0.000000
92 1656673428 684.000000 -1.000000 -101.000000 0.000000 0.000000
101 1656673424 18.000000 -1.000000 -101.000000 0.000000 0.000000
101 1656673425 18.000000 -1.000000 -101.000000 0.000000 0.000000
101 1656673426 18.000000 -1.000000 -101.000000 0.000000 0.000000
101 1656673427 18.000000 -1.000000 -101.000000 0.000000 0.000000
101 1656673428 18.000000 -1.000000 -101.000000 0.000000 0.000000
92 1656673429 684.000000 -1.000000 -101.000000 0.000000 0.000000
92 1656673430 684.000000 -1.000000 -101.000000 0.000000 0.000000
92 1656673431 653.600000 -1.000000 -101.000000 0.000000 0.000000
92 1656673432 653.600000 -1.000000 -101.000000 0.000000 0.000000
92 1656673433 653.600000 -1.000000 -101.000000 0.000000 0.000000
101 1656673429 18.000000 -1.000000 -101.000000 0.000000 0.000000
101 1656673430 18.000000 -1.000000 -101.000000 0.000000 0.000000
101 1656673431 17.200000 -1.000000 -101.000000 0.000000 0.000000
101 1656673432 17.200000 -1.000000 -101.000000 0.000000 0.000000
101 1656673433 17.200000 -1.000000 -101.000000 0.000000 0.000000
92 1656673434 653.600000 -1.000000 -101.000000 0.000000 0.000000
92 1656673435 653.600000 -1.000000 -101.000000 0.000000 0.000000
92 1656673436 646.000000 -1.000000 -101.000000 0.000000 0.000000
92 1656673437 646.000000 -1.000000 -101.000000 0.000000 0.000000
92 1656673438 646.000000 -1.000000 -101.000000 0.000000 0.000000
101 1656673434 17.200000 -1.000000 -101.000000 0.000000 0.000000
101 1656673435 17.200000 -1.000000 -101.000000 0.000000 0.000000
101 1656673436 17.000000 -1.000000 -101.000000 0.000000 0.000000
101 1656673437 17.000000 -1.000000 -101.000000 0.000000 0.000000
101 1656673438 17.000000 -1.000000 -101.000000 0.000000 0.000000
92 1656673439 646.000000 -1.000000 -101.000000 0.000000 0.000000
92 1656673440 646.000000 -1.000000 -101.000000 0.000000 0.000000
92 1656673441 646.000000 -1.000000 -101.000000 0.000000 0.000000
92 1656673442 646.000000 -1.000000 -101.000000 0.000000 0.000000
92 1656673443 646.000000 -1.000000 -101.000000 0.000000 0.000000
101 1656673439 17.000000 -1.000000 -101.000000 0.000000 0.000000
101 1656673440 17.000000 -1.000000 -101.000000 0.000000 0.000000
101 1656673441 17.000000 -1.000000 -101.000000 0.000000 0.000000
101 1656673442 17.000000 -1.000000 -101.000000 0.000000 0.000000
101 1656673443 17.000000 -1.000000 -101.000000 0.000000 0.000000
92 1656673444 646.000000 -1.000000 -101.000000 0.000000 0.000000
92 1656673445 646.000000 -1.000000 -101.000000 0.000000 0.000000
92 1656673446 608.000000 -1.000000 -101.000000 0.000000 0.000000
92 1656673447 608.000000 -1.000000 -101.000000 0.000000 0.000000
92 1656673448 608.000000 -1.000000 -101.000000 0.000000 0.000000
101 1656673444 17.000000 -1.000000 -101.000000 0.000000 0.000000
101 1656673445 17.000000 -1.000000 -101.000000 0.000000 0.000000
101 1656673446 16.000000 -1.000000 -101.000000 0.000000 0.000000
101 1656673447 16.000000 -1.000000 -101.000000 0.000000 0.000000
101 1656673448 16.000000 -1.000000 -101.000000 0.000000 0.000000
92 1656673449 608.000000 -1.000000 -101.000000 0.000000 0.000000
92 1656673450 608.000000 -1.000000 -101.000000 0.000000 0.000000
92 1656673451 623.200000 -1.000000 -101.000000 0.000000 0.000000
92 1656673452 623.200000 -1.000000 -101.000000 0.000000 0.000000
92 1656673453 623.200000 -1.000000 -101.000000 0.000000 0.000000
101 1656673449 16.000000 -1.000000 -101.000000 0.000000 0.000000
101 1656673450 16.000000 -1.000000 -101.000000 0.000000 0.000000
101 1656673451 16.400000 -1.000000 -101.000000 0.000000 0.000000
101 1656673452 16.400000 -1.000000 -101.000000 0.000000 0.000000
101 1656673453 16.400000 -1.000000 -101.000000 0.000000 0.000000
92 1656673454 623.200000 -1.000000 -101.000000 0.000000 0.000000
92 1656673455 623.200000 -1.000000 -101.000000 0.000000 0.000000
92 1656673456 577.600000 -1.000000 -101.000000 0.000000 0.000000
92 1656673457 577.600000 -1.000000 -101.000000 0.000000 0.000000
92 1656673458 577.600000 -1.000000 -101.000000 0.000000 0.000000
101 1656673454 16.400000 -1.000000 -101.000000 0.000000 0.000000
101 1656673455 16.400000 -1.000000 -101.000000 0.000000 0.000000
101 1656673456 15.200000 -1.000000 -101.000000 0.000000 0.000000
101 1656673457 15.200000 -1.000000 -101.000000 0.000000 0.000000
101 1656673458 15.200000 -1.000000 -101.000000 0.000000 0.000000
92 1656673459 577.600000 -1.000000 -101.000000 0.000000 0.000000
92 1656673460 577.600000 -1.000000 -101.000000 0.000000 0.000000
92 1656673461 623.200000 -1.000000 -101.000000 0.000000 0.000000
92 1656673462 623.200000 -1.000000 -101.000000 0.000000 0.000000
92 1656673463 623.200000 -1.000000 -101.000000 0.000000 0.000000
101 1656673459 15.200000 -1.000000 -101.000000 0.000000 0.000000
101 1656673460 15.200000 -1.000000 -101.000000 0.000000 0.000000
101 1656673461 16.400000 -1.000000 -101.000000 0.000000 0.000000
101 1656673462 16.400000 -1.000000 -101.000000 0.000000 0.000000
101 1656673463 16.400000 -1.000000 -101.000000 0.000000 0.000000
92 1656673464 623.200000 -1.000000 -101.000000 0.000000 0.000000
92 1656673465 623.200000 -1.000000 -101.000000 0.000000 0.000000
92 1656673466 585.200000 -1.000000 -101.000000 0.000000 0.000000
92 1656673467 585.200000 -1.000000 -101.000000 0.000000 0.000000
92 1656673468 585.200000 -1.000000 -101.000000 0.000000 0.000000
101 1656673464 16.400000 -1.000000 -101.000000 0.000000 0.000000
101 1656673465 16.400000 -1.000000 -101.000000 0.000000 0.000000
101 1656673466 15.400000 -1.000000 -101.000000 0.000000 0.000000
101 1656673467 15.400000 -1.000000 -101.000000 0.000000 0.000000
101 1656673468 15.400000 -1.000000 -101.000000 0.000000 0.000000
92 1656673469 585.200000 -1.000000 -101.000000 0.000000 0.000000
92 1656673470 585.200000 -1.000000 -101.000000 0.000000 0.000000
92 1656673471 570.000000 -1.000000 -101.000000 0.000000 0.000000
92 1656673472 570.000000 -1.000000 -101.000000 0.000000 0.000000
92 1656673473 570.000000 -1.000000 -101.000000 0.000000 0.000000
101 1656673469 15.400000 -1.000000 -101.000000 0.000000 0.000000
101 1656673470 15.400000 -1.000000 -101.000000 0.000000 0.000000
101 1656673471 15.000000 -1.000000 -101.000000 0.000000 0.000000
101 1656673472 15.000000 -1.000000 -101.000000 0.000000 0.000000
101 1656673473 15.000000 -1.000000 -101.000000 0.000000 0.000000
92 1656673474 570.000000 -1.000000 -101.000000 0.000000 0.000000
92 1656673475 570.000000 -1.000000 -101.000000 0.000000 0.000000
92 1656673476 577.600000 -1.000000 -101.000000 0.000000 0.000000
92 1656673477 577.600000 -1.000000 -101.000000 0.000000 0.000000
92 1656673478 577.600000 -1.000000 -101.000000 0.000000 0.000000
101 1656673474 15.000000 -1.000000 -101.000000 0.000000 0.000000
101 1656673475 15.000000 -1.000000 -101.000000 0.000000 0.000000
101 1656673476 15.200000 -1.000000 -101.000000 0.000000 0.000000
101 1656673477 15.200000 -1.000000 -101.000000 0.000000 0.000000
101 1656673478 15.200000 -1.000000 -101.000000 0.000000 0.000000
92 1656673479 577.600000 -1.000000 -101.000000 0.000000 0.000000
92 1656673480 577.600000 -1.000000 -101.000000 0.000000 0.000000
92 1656673481 554.800000 -1.000000 -101.000000 0.000000 0.000000
92 1656673482 554.800000 -1.000000 -101.000000 0.000000 0.000000
92 1656673483 554.800000 -1.000000 -101.000000 0.000000 0.000000
101 1656673479 15.200000 -1.000000 -101.000000 0.000000 0.000000
101 1656673480 15.200000 -1.000000 -101.000000 0.000000 0.000000
101 1656673481 14.600000 -1.000000 -101.000000 0.000000 0.000000
101 1656673482 14.600000 -1.000000 -101.000000 0.000000 0.000000
101 1656673483 14.600000 -1.000000 -101.000000 0.000000 0.000000
92 1656673484 554.800000 -1.000000 -101.000000 0.000000 0.000000
92 1656673485 554.800000 -1.000000 -101.000000 0.000000 0.000000
92 1656673486 532.000000 -1.000000 -101.000000 0.000000 0.000000
92 1656673487 532.000000 -1.000000 -101.000000 0.000000 0.000000
92 1656673488 532.000000 -1.000000 -101.000000 0.000000 0.000000
101 1656673484 14.600000 -1.000000 -101.000000 0.000000 0.000000
101 1656673485 14.600000 -1.000000 -101.000000 0.000000 0.000000
101 1656673486 14.000000 -1.000000 -101.000000 0.000000 0.000000
101 1656673487 14.000000 -1.000000 -101.000000 0.000000 0.000000
101 1656673488 14.000000 -1.000000 -101.000000 0.000000 0.000000
92 1656673489 532.000000 -1.000000 -101.000000 0.000000 0.000000
92 1656673490 532.000000 -1.000000 -101.000000 0.000000 0.000000
92 1656673491 562.400000 -1.000000 -101.000000 0.000000 0.000000
92 1656673492 562.400000 -1.000000 -101.000000 0.000000 0.000000
92 1656673493 562.400000 -1.000000 -101.000000 0.000000 0.000000
101 1656673489 14.000000 -1.000000 -101.000000 0.000000 0.000000
101 1656673490 14.000000 -1.000000 -101.000000 0.000000 0.000000
101 1656673491 14.800000 -1.000000 -101.000000 0.000000 0.000000
101 1656673492 14.800000 -1.000000 -101.000000 0.000000 0.000000
101 1656673493 14.800000 -1.000000 -101.000000 0.000000 0.000000
92 1656673494 562.400000 -1.000000 -101.000000 0.000000 0.000000
92 1656673495 562.400000 -1.000000 -101.000000 0.000000 0.000000
92 1656673496 562.400000 -1.000000 -101.000000 0.000000 0.000000
92 1656673497 562.400000 -1.000000 -101.000000 0.000000 0.000000
92 1656673498 562.400000 -1.000000 -101.000000 0.000000 0.000000
101 1656673494 14.800000 -1.000000 -101.000000 0.000000 0.000000
101 1656673495 14.800000 -1.000000 -101.000000 0.000000 0.000000
101 1656673496 14.800000 -1.000000 -101.000000 0.000000 0.000000
101 1656673497 14.800000 -1.000000 -101.000000 0.000000 0.000000
101 1656673498 14.800000 -1.000000 -101.000000 0.000000 0.000000
92 1656673499 562.400000 -1.000000 -101.000000 0.000000 0.000000
92 1656673500 562.400000 -1.000000 -101.000000 0.000000 0.000000
92 1656673501 524.400000 -1.000000 -101.000000 0.000000 0.000000
92 1656673502 524.400000 -1.000000 -101.000000 0.000000 0.000000
92 1656673503 524.400000 -1.000000 -101.000000 0.000000 0.000000
101 1656673499 14.800000 -1.000000 -101.000000 0.000000 0.000000
101 1656673500 14.800000 -1.000000 -101.000000 0.000000 0.000000
101 1656673501 13.800000 -1.000000 -101.000000 0.000000 0.000000
101 1656673502 13.800000 -1.000000 -101.000000 0.000000 0.000000
101 1656673503 13.800000 -1.000000 -101.000000 0.000000 0.000000
92 1656673504 524.400000 -1.000000 -101.000000 0.000000 0.000000
92 1656673505 524.400000 -1.000000 -101.000000 0.000000 0.000000
92 1656673506 532.000000 -1.000000 -101.000000 0.000000 0.000000
92 1656673507 532.000000 -1.000000 -101.000000 0.000000 0.000000
92 1656673508 532.000000 -1.000000 -101.000000 0.000000 0.000000
101 1656673504 13.800000 -1.000000 -101.000000 0.000000 0.000000
101 1656673505 13.800000 -1.000000 -101.000000 0.000000 0.000000
101 1656673506 14.000000 -1.000000 -101.000000 0.000000 0.000000
101 1656673507 14.000000 -1.000000 -101.000000 0.000000 0.000000
101 1656673508 14.000000 -1.000000 -101.000000 0.000000 0.000000
92 1656673509 532.000000 -1.000000 -101.000000 0.000000 0.000000
92 1656673510 532.000000 -1.000000 -101.000000 0.000000 0.000000
92 1656673511 516.800000 -1.000000 -101.000000 0.000000 0.000000
92 1656673512 516.800000 -1.000000 -101.000000 0.000000 0.000000
92 1656673513 516.800000 -1.000000 -101.000000 0.000000 0.000000
101 1656673509 14.000000 -1.000000 -101.000000 0.000000 0.000000
101 1656673510 14.000000 -1.000000 -101.000000 0.000000 0.000000
101 1656673511 13.600000 -1.000000 -101.000000 0.000000 0.000000
101 1656673512 13.600000 -1.000000 -101.000000 0.000000 0.000000
101 1656673513 13.600000 -1.000000 -101.000000 0.000000 0.000000
92 1656673514 516.800000 -1.000000 -101.000000 0.000000 0.000000
92 1656673515 516.800000 -1.000000 -101.000000 0.000000 0.000000
92 1656673516 516.800000 -1.000000 -101.000000 0.000000 0.000000
92 1656673517 516.800000 -1.000000 -101.000000 0.000000 0.000000
92 1656673518 516.800000 -1.000000 -101.000000 0.000000 0.000000
101 1656673514 13.600000 -1.000000 -101.000000 0.000000 0.000000
101 1656673515 13.600000 -1.000000 -101.000000 0.000000 0.000000
101 1656673516 13.600000 -1.000000 -101.000000 0.000000 0.000000
101 1656673517 13.600000 -1.000000 -101.000000 0.000000 0.000000
101 1656673518 13.600000 -1.000000 -101.000000 0.000000 0.000000
92 1656673519 516.800000 -1.000000 -101.000000 0.000000 0.000000
92 1656673520 516.800000 -1.000000 -101.000000 0.000000 0.000000
92 1656673521 501.600000 -1.000000 -101.000000 0.000000 0.000000
92 1656673522 501.600000 -1.000000 -101.000000 0.000000 0.000000
92 1656673523 501.600000 -1.000000 -101.000000 0.000000 0.000000
101 1656673519 13.600000 -1.000000 -101.000000 0.000000 0.000000
101 1656673520 13.600000 -1.000000 -101.000000 0.000000 0.000000
101 1656673521 13.200000 -1.000000 -101.000000 0.000000 0.000000
101 1656673522 13.200000 -1.000000 -101.000000 0.000000 0.000000
101 1656673523 13.200000 -1.000000 -101.000000 0.000000 0.000000
92 1656673524 501.600000 -1.000000 -101.000000 0.000000 0.000000
92 1656673525 501.600000 -1.000000 -101.000000 0.000000 0.000000
92 1656673526 501.600000 -1.000000 -101.000000 0.000000 0.000000
92 1656673527 501.600000 -1.000000 -101.000000 0.000000 0.000000
92 1656673528 501.600000 -1.000000 -101.000000 0.000000 0.000000
101 1656673524 13.200000 -1.000000 -101.000000 0.000000 0.000000
101 1656673525 13.200000 -1.000000 -101.000000 0.000000 0.000000
101 1656673526 13.200000 -1.000000 -101.000000 0.000000 0.000000
101 1656673527 13.200000 -1.000000 -101.000000 0.000000 0.000000
101 1656673528 13.200000 -1.000000 -101.000000 0.000000 0.000000
92 1656673529 501.600000 -1.000000 -101.000000 0.000000 0.000000
92 1656673530 501.600000 -1.000000 -101.000000 0.000000 0.000000
92 1656673531 478.800000 -1.000000 -101.000000 0.000000 0.000000
92 1656673532 478.800000 -1.000000 -101.000000 0.000000 0.000000
92 1656673533 478.800000 -1.000000 -101.000000 0.000000 0.000000
101 1656673529 13.200000 -1.000000 -101.000000 0.000000 0.000000
101 1656673530 13.200000 -1.000000 -101.000000 0.000000 0.000000
101 1656673531 12.600000 -1.000000 -101.000000 0.000000 0.000000
101 1656673532 12.600000 -1.000000 -101.000000 0.000000 0.000000
101 1656673533 12.600000 -1.000000 -101.000000 0.000000 0.000000
92 1656673534 478.800000 -1.000000 -101.000000 0.000000 0.000000
92 1656673535 478.800000 -1.000000 -101.000000 0.000000 0.000000
92 1656673536 486.400000 -1.000000 -101.000000 0.000000 0.000000
92 1656673537 486.400000 -1.000000 -101.000000 0.000000 0.000000
92 1656673538 486.400000 -1.000000 -101.000000 0.000000 0.000000
101 1656673534 12.600000 -1.000000 -101.000000 0.000000 0.000000
101 1656673535 12.600000 -1.000000 -101.000000 0.000000 0.000000
101 1656673536 12.800000 -1.000000 -101.000000 0.000000 0.000000
101 1656673537 12.800000 -1.000000 -101.000000 0.000000 0.000000
101 1656673538 12.800000 -1.000000 -101.000000 0.000000 0.000000
92 1656673539 486.400000 -1.000000 -101.000000 0.000000 0.000000
92 1656673540 486.400000 -1.000000 -101.000000 0.000000 0.000000
92 1656673541 478.800000 -1.000000 -101.000000 0.000000 0.000000
92 1656673542 478.800000 -1.000000 -101.000000 0.000000 0.000000
92 1656673543 478.800000 -1.000000 -101.000000 0.000000 0.000000
101 1656673539 12.800000 -1.000000 -101.000000 0.000000 0.000000
101 1656673540 12.800000 -1.000000 -101.000000 0.000000 0.000000
101 1656673541 12.600000 -1.000000 -101.000000 0.000000 0.000000
101 1656673542 12.600000 -1.000000 -101.000000 0.000000 0.000000
101 1656673543 12.600000 -1.000000 -101.000000 0.000000 0.000000
92 1656673544 478.800000 -1.000000 -101.000000 0.000000 0.000000
92 1656673545 478.800000 -1.000000 -101.000000 0.000000 0.000000
92 1656673546 471.200000 -1.000000 -101.000000 0.000000 0.000000
92 1656673547 471.200000 -1.000000 -101.000000 0.000000 0.000000
92 1656673548 471.200000 -1.000000 -101.000000 0.000000 0.000000
101 1656673544 12.600000 -1.000000 -101.000000 0.000000 0.000000
101 1656673545 12.600000 -1.000000 -101.000000 0.000000 0.000000
101 1656673546 12.400000 -1.000000 -101.000000 0.000000 0.000000
101 1656673547 12.400000 -1.000000 -101.000000 0.000000 0.000000
101 1656673548 12.400000 -1.000000 -101.000000 0.000000 0.000000
92 1656673549 471.200000 -1.000000 -101.000000 0.000000 0.000000
92 1656673550 471.200000 -1.000000 -101.000000 0.000000 0.000000
92 1656673551 486.400000 -1.000000 -101.000000 0.000000 0.000000
92 1656673552 486.400000 -1.000000 -101.000000 0.000000 0.000000
92 1656673553 486.400000 -1.000000 -101.000000 0.000000 0.000000
101 1656673549 12.400000 -1.000000 -101.000000 0.000000 0.000000
101 1656673550 12.400000 -1.000000 -101.000000 0.000000 0.000000
101 1656673551 12.800000 -1.000000 -101.000000 0.000000 0.000000
101 1656673552 12.800000 -1.000000 -101.000000 0.000000 0.000000
101 1656673553 12.800000 -1.000000 -101.000000 0.000000 0.000000
92 1656673554 486.400000 -1.000000 -101.000000 0.000000 0.000000
92 1656673555 486.400000 -1.000000 -101.000000 0.000000 0.000000
92 1656673556 448.400000 -1.000000 -101.000000 0.000000 0.000000
92 1656673557 448.400000 -1.000000 -101.000000 0.000000 0.000000
92 1656673558 448.400000 -1.000000 -101.000000 0.000000 0.000000
101 1656673554 12.800000 -1.000000 -101.000000 0.000000 0.000000
101 1656673555 12.800000 -1.000000 -101.000000 0.000000 0.000000
101 1656673556 11.800000 -1.000000 -101.000000 0.000000 0.000000
101 1656673557 11.800000 -1.000000 -101.000000 0.000000 0.000000
101 1656673558 11.800000 -1.000000 -101.000000 0.000000 0.000000
92 1656673559 448.400000 -1.000000 -101.000000 0.000000 0.000000
92 1656673560 448.400000 -1.000000 -101.000000 0.000000 0.000000
92 1656673561 463.600000 -1.000000 -101.000000 0.000000 0.000000
92 1656673562 463.600000 -1.000000 -101.000000 0.000000 0.000000
92 1656673563 463.600000 -1.000000 -101.000000 0.000000 0.000000
101 1656673559 11.800000 -1.000000 -101.000000 0.000000 0.000000
101 1656673560 11.800000 -1.000000 -101.000000 0.000000 0.000000
101 1656673561 12.200000 -1.000000 -101.000000 0.000000 0.000000
101 1656673562 12.200000 -1.000000 -101.000000 0.000000 0.000000
101 1656673563 12.200000 -1.000000 -101.000000 0.000000 0.000000
92 1656673564 463.600000 -1.000000 -101.000000 0.000000 0.000000
92 1656673565 463.600000 -1.000000 -101.000000 0.000000 0.000000
92 1656673566 456.000000 -1.000000 -101.000000 0.000000 0.000000
92 1656673567 456.000000 -1.000000 -101.000000 0.000000 0.000000
92 1656673568 456.000000 -1.000000 -101.000000 0.000000 0.000000
101 1656673564 12.200000 -1.000000 -101.000000 0.000000 0.000000
101 1656673565 12.200000 -1.000000 -101.000000 0.000000 0.000000
101 1656673566 12.000000 -1.000000 -101.000000 0.000000 0.000000
101 1656673567 12.000000 -1.000000 -101.000000 0.000000 0.000000
101 1656673568 12.000000 -1.000000 -101.000000 0.000000 0.000000
92 1656673569 456.000000 -1.000000 -101.000000 0.000000 0.000000
92 1656673570 456.000000 -1.000000 -101.000000 0.000000 0.000000
92 1656673571 478.800000 -1.000000 -101.000000 0.000000 0.000000
92 1656673572 478.800000 -1.000000 -101.000000 0.000000 0.000000
92 1656673573 478.800000 -1.000000 -101.000000 0.000000 0.000000
101 1656673569 12.000000 -1.000000 -101.000000 0.000000 0.000000
101 1656673570 12.000000 -1.000000 -101.000000 0.000000 0.000000
101 1656673571 12.600000 -1.000000 -101.000000 0.000000 0.000000
101 1656673572 12.600000 -1.000000 -101.000000 0.000000 0.000000
101 1656673573 12.600000 -1.000000 -101.000000 0.000000 0.000000
92 1656673574 478.800000 -1.000000 -101.000000 0.000000 0.000000
92 1656673575 478.800000 -1.000000 -101.000000 0.000000 0.000000
92 1656673576 456.000000 -1.000000 -101.000000 0.000000 0.000000
92 1656673577 456.000000 -1.000000 -101.000000 0.000000 0.000000
92 1656673578 456.000000 -1.000000 -101.000000 0.000000 0.000000
101 1656673574 12.600000 -1.000000 -101.000000 0.000000 0.000000
101 1656673575 12.600000 -1.000000 -101.000000 0.000000 0.000000
101 1656673576 12.000000 -1.000000 -101.000000 0.000000 0.000000
101 1656673577 12.000000 -1.000000 -101.000000 0.000000 0.000000
101 1656673578 12.000000 -1.000000 -101.000000 0.000000 0.000000
92 1656673579 456.000000 -1.000000 -101.000000 0.000000 0.000000
92 1656673580 456.000000 -1.000000 -101.000000 0.000000 0.000000
92 1656673581 448.400000 -1.000000 -101.000000 0.000000 0.000000
92 1656673582 448.400000 -1.000000 -101.000000 0.000000 0.000000
92 1656673583 448.400000 -1.000000 -101.000000 0.000000 0.000000
101 1656673579 12.000000 -1.000000 -101.000000 0.000000 0.000000
101 1656673580 12.000000 -1.000000 -101.000000 0.000000 0.000000
101 1656673581 11.800000 -1.000000 -101.000000 0.000000 0.000000
101 1656673582 11.800000 -1.000000 -101.000000 0.000000 0.000000
101 1656673583 11.800000 -1.000000 -101.000000 0.000000 0.000000
92 1656673584 448.400000 -1.000000 -101.000000 0.000000 0.000000
92 1656673585 448.400000 -1.000000 -101.000000 0.000000 0.000000
92 1656673586 448.400000 -1.000000 -101.000000 0.000000 0.000000
92 1656673587 448.400000 -1.000000 -101.000000 0.000000 0.000000
92 1656673588 448.400000 -1.000000 -101.000000 0.000000 0.000000
101 1656673584 11.800000 -1.000000 -101.000000 0.000000 0.000000
101 1656673585 11.800000 -1.000000 -101.000000 0.000000 0.000000
101 1656673586 11.800000 -1.000000 -101.000000 0.000000 0.000000
101 1656673587 11.800000 -1.000000 -101.000000 0.000000 0.000000
101 1656673588 11.800000 -1.000000 -101.000000 0.000000 0.000000
92 1656673589 448.400000 -1.000000 -101.000000 0.000000 0.000000
92 1656673590 448.400000 -1.000000 -101.000000 0.000000 0.000000
92 1656673591 433.200000 -1.000000 -101.000000 0.000000 0.000000
92 1656673592 433.200000 -1.000000 -101.000000 0.000000 0.000000
92 1656673593 433.200000 -1.000000 -101.000000 0.000000 0.000000
101 1656673589 11.800000 -1.000000 -101.000000 0.000000 0.000000
101 1656673590 11.800000 -1.000000 -101.000000 0.000000 0.000000
101 1656673591 11.400000 -1.000000 -101.000000 0.000000 0.000000
101 1656673592 11.400000 -1.000000 -101.000000 0.000000 0.000000
101 1656673593 11.400000 -1.000000 -101.000000 0.000000 0.000000
92 1656673594 433.200000 -1.000000 -101.000000 0.000000 0.000000
92 1656673595 433.200000 -1.000000 -101.000000 0.000000 0.000000
92 1656673596 440.800000 -1.000000 -101.000000 0.000000 0.000000
92 1656673597 440.800000 -1.000000 -101.000000 0.000000 0.000000
92 1656673598 440.800000 -1.000000 -101.000000 0.000000 0.000000
101 1656673594 11.400000 -1.000000 -101.000000 0.000000 0.000000
101 1656673595 11.400000 -1.000000 -101.000000 0.000000 0.000000
101 1656673596 11.600000 -1.000000 -101.000000 0.000000 0.000000
101 1656673597 11.600000 -1.000000 -101.000000 0.000000 0.000000
101 1656673598 11.600000 -1.000000 -101.000000 0.000000 0.000000
92 1656673599 440.800000 -1.000000 -101.000000 0.000000 0.000000
92 1656673600 440.800000 -1.000000 -101.000000 0.000000 0.000000
92 1656673601 402.800000 -1.000000 -101.000000 0.000000 0.000000
92 1656673602 402.800000 -1.000000 -101.000000 0.000000 0.000000
92 1656673603 402.800000 -1.000000 -101.000000 0.000000 0.000000
101 1656673599 11.600000 -1.000000 -101.000000 0.000000 0.000000
101 1656673600 11.600000 -1.000000 -101.000000 0.000000 0.000000
101 1656673601 10.600000 -1.000000 -101.000000 0.000000 0.000000
101 1656673602 10.600000 -1.000000 -101.000000 0.000000 0.000000
101 1656673603 10.600000 -1.000000 -101.000000 0.000000 0.000000
92 1656673604 402.800000 -1.000000 -101.000000 0.000000 0.000000
92 1656673605 402.800000 -1.000000 -101.000000 0.000000 0.000000
92 1656673606 418.000000 -1.000000 -101.000000 0.000000 0.000000
92 1656673607 418.000000 -1.000000 -101.000000 0.000000 0.000000
92 1656673608 418.000000 -1.000000 -101.000000 0.000000 0.000000
101 1656673604 10.600000 -1.000000 -101.000000 0.000000 0.000000
101 1656673605 10.600000 -1.000000 -101.000000 0.000000 0.000000
101 1656673606 11.000000 -1.000000 -101.000000 0.000000 0.000000
101 1656673607 11.000000 -1.000000 -101.000000 0.000000 0.000000
101 1656673608 11.000000 -1.000000 -101.000000 0.000000 0.000000
92 1656673609 418.000000 -1.000000 -101.000000 0.000000 0.000000
92 1656673610 418.000000 -1.000000 -101.000000 0.000000 0.000000
92 1656673611 448.400000 -1.000000 -101.000000 0.000000 0.000000
92 1656673612 448.400000 -1.000000 -101.000000 0.000000 0.000000
92 1656673613 448.400000 -1.000000 -101.000000 0.000000 0.000000
101 1656673609 11.000000 -1.000000 -101.000000 0.000000 0.000000
101 1656673610 11.000000 -1.000000 -101.000000 0.000000 0.000000
101 1656673611 11.800000 -1.000000 -101.000000 0.000000 0.000000
101 1656673612 11.800000 -1.000000 -101.000000 0.000000 0.000000
101 1656673613 11.800000 -1.000000 -101.000000 0.000000 0.000000
92 1656673614 448.400000 -1.000000 -101.000000 0.000000 0.000000
92 1656673615 448.400000 -1.000000 -101.000000 0.000000 0.000000
92 1656673616 456.000000 -1.000000 -101.000000 0.000000 0.000000
92 1656673617 456.000000 -1.000000 -101.000000 0.000000 0.000000
92 1656673618 456.000000 -1.000000 -101.000000 0.000000 0.000000
101 1656673614 11.800000 -1.000000 -101.000000 0.000000 0.000000
101 1656673615 11.800000 -1.000000 -101.000000 0.000000 0.000000
101 1656673616 12.000000 -1.000000 -101.000000 0.000000 0.000000
101 1656673617 12.000000 -1.000000 -101.000000 0.000000 0.000000
101 1656673618 12.000000 -1.000000 -101.000000 0.000000 0.000000
92 1656673619 456.000000 -1.000000 -101.000000 0.000000 0.000000
92 1656673620 456.000000 -1.000000 -101.000000 0.000000 0.000000
92 1656673621 402.800000 -1.000000 -101.000000 0.000000 0.000000
92 1656673622 402.800000 -1.000000 -101.000000 0.000000 0.000000
92 1656673623 402.800000 -1.000000 -101.000000 0.000000 0.000000
101 1656673619 12.000000 -1.000000 -101.000000 0.000000 0.000000
101 1656673620 12.000000 -1.000000 -101.000000 0.000000 0.000000
101 1656673621 10.600000 -1.000000 -101.000000 0.000000 0.000000
101 1656673622 10.600000 -1.000000 -101.000000 0.000000 0.000000
101 1656673623 10.600000 -1.000000 -101.000000 0.000000 0.000000
92 1656673624 402.800000 -1.000000 -101.000000 0.000000 0.000000
92 1656673625 402.800000 -1.000000 -101.000000 0.000000 0.000000
92 1656673626 410.400000 -1.000000 -101.000000 0.000000 0.000000
92 1656673627 410.400000 -1.000000 -101.000000 0.000000 0.000000
92 1656673628 410.400000 -1.000000 -101.000000 0.000000 0.000000
101 1656673624 10.600000 -1.000000 -101.000000 0.000000 0.000000
101 1656673625 10.600000 -1.000000 -101.000000 0.000000 0.000000
101 1656673626 10.800000 -1.000000 -101.000000 0.000000 0.000000
101 1656673627 10.800000 -1.000000 -101.000000 0.000000 0.000000
101 1656673628 10.800000 -1.000000 -101.000000 0.000000 0.000000
92 1656673629 410.400000 -1.000000 -101.000000 0.000000 0.000000
92 1656673630 410.400000 -1.000000 -101.000000 0.000000 0.000000
92 1656673631 402.800000 -1.000000 -101.000000 0.000000 0.000000
92 1656673632 402.800000 -1.000000 -101.000000 0.000000 0.000000
92 1656673633 402.800000 -1.000000 -101.000000 0.000000 0.000000
101 1656673629 10.800000 -1.000000 -101.000000 0.000000 0.000000
101 1656673630 10.800000 -1.000000 -101.000000 0.000000 0.000000
101 1656673631 10.600000 -1.000000 -101.000000 0.000000 0.000000
101 1656673632 10.600000 -1.000000 -101.000000 0.000000 0.000000
101 1656673633 10.600000 -1.000000 -101.000000 0.000000 0.000000
92 1656673634 402.800000 -1.000000 -101.000000 0.000000 0.000000
92 1656673635 402.800000 -1.000000 -101.000000 0.000000 0.000000
92 1656673636 425.600000 -1.000000 -101.000000 0.000000 0.000000
92 1656673637 425.600000 -1.000000 -101.000000 0.000000 0.000000
92 1656673638 425.600000 -1.000000 -101.000000 0.000000 0.000000
101 1656673634 10.600000 -1.000000 -101.000000 0.000000 0.000000
101 1656673635 10.600000 -1.000000 -101.000000 0.000000 0.000000
101 1656673636 11.200000 -1.000000 -101.000000 0.000000 0.000000
101 1656673637 11.200000 -1.000000 -101.000000 0.000000 0.000000
101 1656673638 11.200000 -1.000000 -101.000000 0.000000 0.000000
92 1656673639 425.600000 -1.000000 -101.000000 0.000000 0.000000
92 1656673640 425.600000 -1.000000 -101.000000 0.000000 0.000000
92 1656673641 402.800000 -1.000000 -101.000000 0.000000 0.000000
92 1656673642 402.800000 -1.000000 -101.000000 0.000000 0.000000
92 1656673643 402.800000 -1.000000 -101.000000 0.000000 0.000000
101 1656673639 11.200000 -1.000000 -101.000000 0.000000 0.000000
101 1656673640 11.200000 -1.000000 -101.000000 0.000000 0.000000
101 1656673641 10.600000 -1.000000 -101.000000 0.000000 0.000000
101 1656673642 10.600000 -1.000000 -101.000000 0.000000 0.000000
101 1656673643 10.600000 -1.000000 -101.000000 0.000000 0.000000
92 1656673644 402.800000 -1.000000 -101.000000 0.000000 0.000000
92 1656673645 402.800000 -1.000000 -101.000000 0.000000 0.000000
92 1656673646 402.800000 -1.000000 -101.000000 0.000000 0.000000
92 1656673647 402.800000 -1.000000 -101.000000 0.000000 0.000000
92 1656673648 402.800000 -1.000000 -101.000000 0.000000 0.000000
101 1656673644 10.600000 -1.000000 -101.000000 0.000000 0.000000
101 1656673645 10.600000 -1.000000 -101.000000 0.000000 0.000000
101 1656673646 10.600000 -1.000000 -101.000000 0.000000 0.000000
101 1656673647 10.600000 -1.000000 -101.000000 0.000000 0.000000
101 1656673648 10.600000 -1.000000 -101.000000 0.000000 0.000000
92 1656673649 402.800000 -1.000000 -101.000000 0.000000 0.000000
92 1656673650 402.800000 -1.000000 -101.000000 0.000000 0.000000
92 1656673651 410.400000 -1.000000 -101.000000 0.000000 0.000000
92 1656673652 410.400000 -1.000000 -101.000000 0.000000 0.000000
92 1656673653 410.400000 -1.000000 -101.000000 0.000000 0.000000
101 1656673649 10.600000 -1.000000 -101.000000 0.000000 0.000000
101 1656673650 10.600000 -1.000000 -101.000000 0.000000 0.000000
101 1656673651 10.800000 -1.000000 -101.000000 0.000000 0.000000
101 1656673652 10.800000 -1.000000 -101.000000 0.000000 0.000000
101 1656673653 10.800000 -1.000000 -101.000000 0.000000 0.000000
92 1656673654 410.400000 -1.000000 -101.000000 0.000000 0.000000
92 1656673655 410.400000 -1.000000 -101.000000 0.000000 0.000000
92 1656673656 372.400000 -1.000000 -101.000000 0.000000 0.000000
92 1656673657 372.400000 -1.000000 -101.000000 0.000000 0.000000
92 1656673658 372.400000 -1.000000 -101.000000 0.000000 0.000000
101 1656673654 10.800000 -1.000000 -101.000000 0.000000 0.000000
101 1656673655 10.800000 -1.000000 -101.000000 0.000000 0.000000
101 1656673656 9.800000 -1.000000 -101.000000 0.000000 0.000000
101 1656673657 9.800000 -1.000000 -101.000000 0.000000 0.000000
101 1656673658 9.800000 -1.000000 -101.000000 0.000000 0.000000
92 1656673659 372.400000 -1.000000 -101.000000 0.000000 0.000000
92 1656673660 372.400000 -1.000000 -101.000000 0.000000 0.000000
92 1656673661 410.400000 -1.000000 -101.000000 0.000000 0.000000
92 1656673662 410.400000 -1.000000 -101.000000 0.000000 0.000000
92 1656673663 410.400000 -1.000000 -101.000000 0.000000 0.000000
101 1656673659 9.800000 -1.000000 -101.000000 0.000000 0.000000
101 1656673660 9.800000 -1.000000 -101.000000 0.000000 0.000000
101 1656673661 10.800000 -1.000000 -101.000000 0.000000 0.000000
101 1656673662 10.800000 -1.000000 -101.000000 0.000000 0.000000
101 1656673663 10.800000 -1.000000 -101.000000 0.000000 0.000000
92 1656673664 410.400000 -1.000000 -101.000000 0.000000 0.000000
92 1656673665 410.400000 -1.000000 -101.000000 0.000000 0.000000
92 1656673666 380.000000 -1.000000 -101.000000 0.000000 0.000000
92 1656673667 380.000000 -1.000000 -101.000000 0.000000 0.000000
92 1656673668 380.000000 -1.000000 -101.000000 0.000000 0.000000
101 1656673664 10.800000 -1.000000 -101.000000 0.000000 0.000000
101 1656673665 10.800000 -1.000000 -101.000000 0.000000 0.000000
101 1656673666 10.000000 -1.000000 -101.000000 0.000000 0.000000
101 1656673667 10.000000 -1.000000 -101.000000 0.000000 0.000000
101 1656673668 10.000000 -1.000000 -101.000000 0.000000 0.000000
92 1656673669 380.000000 -1.000000 -101.000000 0.000000 0.000000
92 1656673670 380.000000 -1.000000 -101.000000 0.000000 0.000000
92 1656673671 372.400000 -1.000000 -101.000000 0.000000 0.000000
92 1656673672 372.400000 -1.000000 -101.000000 0.000000 0.000000
92 1656673673 372.400000 -1.000000 -101.000000 0.000000 0.000000
101 1656673669 10.000000 -1.000000 -101.000000 0.000000 0.000000
101 1656673670 10.000000 -1.000000 -101.000000 0.000000 0.000000
101 1656673671 9.800000 -1.000000 -101.000000 0.000000 0.000000
101 1656673672 9.800000 -1.000000 -101.000000 0.000000 0.000000
101 1656673673 9.800000 -1.000000 -101.000000 0.000000 0.000000
92 1656673674 372.400000 -1.000000 -101.000000 0.000000 0.000000
92 1656673675 372.400000 -1.000000 -101.000000 0.000000 0.000000
92 1656673676 402.800000 -1.000000 -101.000000 0.000000 0.000000
92 1656673677 402.800000 -1.000000 -101.000000 0.000000 0.000000
92 1656673678 402.800000 -1.000000 -101.000000 0.000000 0.000000
101 1656673674 9.800000 -1.000000 -101.000000 0.000000 0.000000
101 1656673675 9.800000 -1.000000 -101.000000 0.000000 0.000000
101 1656673676 10.600000 -1.000000 -101.000000 0.000000 0.000000
101 1656673677 10.600000 -1.000000 -101.000000 0.000000 0.000000
101 1656673678 10.600000 -1.000000 -101.000000 0.000000 0.000000
92 1656673679 402.800000 -1.000000 -101.000000 0.000000 0.000000
92 1656673680 402.800000 -1.000000 -101.000000 0.000000 0.000000
92 1656673681 342.000000 -1.000000 -101.000000 0.000000 0.000000
92 1656673682 342.000000 -1.000000 -101.000000 0.000000 0.000000
92 1656673683 342.000000 -1.000000 -101.000000 0.000000 0.000000
101 1656673679 10.600000 -1.000000 -101.000000 0.000000 0.000000
101 1656673680 10.600000 -1.000000 -101.000000 0.000000 0.000000
101 1656673681 9.000000 -1.000000 -101.000000 0.000000 0.000000
101 1656673682 9.000000 -1.000000 -101.000000 0.000000 0.000000
101 1656673683 9.000000 -1.000000 -101.000000 0.000000 0.000000
92 1656673684 342.000000 -1.000000 -101.000000 0.000000 0.000000
92 1656673685 342.000000 -1.000000 -101.000000 0.000000 0.000000
92 1656673686 410.400000 -1.000000 -101.000000 0.000000 0.000000
92 1656673687 410.400000 -1.000000 -101.000000 0.000000 0.000000
92 1656673688 410.400000 -1.000000 -101.000000 0.000000 0.000000
101 1656673684 9.000000 -1.000000 -101.000000 0.000000 0.000000
101 1656673685 9.000000 -1.000000 -101.000000 0.000000 0.000000
101 1656673686 10.800000 -1.000000 -101.000000 0.000000 0.000000
101 1656673687 10.800000 -1.000000 -101.000000 0.000000 0.000000
101 1656673688 10.800000 -1.000000 -101.000000 0.000000 0.000000
92 1656673689 410.400000 -1.000000 -101.000000 0.000000 0.000000
92 1656673690 410.400000 -1.000000 -101.000000 0.000000 0.000000
92 1656673691 349.600000 -1.000000 -101.000000 0.000000 0.000000
92 1656673692 349.600000 -1.000000 -101.000000 0.000000 0.000000
92 1656673693 349.600000 -1.000000 -101.000000 0.000000 0.000000
101 1656673689 10.800000 -1.000000 -101.000000 0.000000 0.000000
101 1656673690 10.800000 -1.000000 -101.000000 0.000000 0.000000
101 1656673691 9.200000 -1.000000 -101.000000 0.000000 0.000000
101 1656673692 9.200000 -1.000000 -101.000000 0.000000 0.000000
101 1656673693 9.200000 -1.000000 -101.000000 0.000000 0.000000
92 1656673694 349.600000 -1.000000 -101.000000 0.000000 0.000000
92 1656673695 349.600000 -1.000000 -101.000000 0.000000 0.000000
92 1656673696 410.400000 -1.000000 -101.000000 0.000000 0.000000
92 1656673697 410.400000 -1.000000 -101.000000 0.000000 0.000000
92 1656673698 410.400000 -1.000000 -101.000000 0.000000 0.000000
101 1656673694 9.200000 -1.000000 -101.000000 0.000000 0.000000
101 1656673695 9.200000 -1.000000 -101.000000 0.000000 0.000000
101 1656673696 10.800000 -1.000000 -101.000000 0.000000 0.000000
101 1656673697 10.800000 -1.000000 -101.000000 0.000000 0.000000
101 1656673698 10.800000 -1.000000 -101.000000 0.000000 0.000000
92 1656673699 410.400000 -1.000000 -101.000000 0.000000 0.000000
92 1656673700 410.400000 -1.000000 -101.000000 0.000000 0.000000
92 1656673701 342.000000 -1.000000 -101.000000 0.000000 0.000000
92 1656673702 342.000000 -1.000000 -101.000000 0.000000 0.000000
92 1656673703 342.000000 -1.000000 -101.000000 0.000000 0.000000
101 1656673699 10.800000 -1.000000 -101.000000 0.000000 0.000000
101 1656673700 10.800000 -1.000000 -101.000000 0.000000 0.000000
101 1656673701 9.000000 -1.000000 -101.000000 0.000000 0.000000
101 1656673702 9.000000 -1.000000 -101.000000 0.000000 0.000000
101 1656673703 9.000000 -1.000000 -101.000000 0.000000 0.000000
92 1656673704 342.000000 -1.000000 -101.000000 0.000000 0.000000
92 1656673705 342.000000 -1.000000 -101.000000 0.000000 0.000000
92 1656673706 380.000000 -1.000000 -101.000000 0.000000 0.000000
92 1656673707 380.000000 -1.000000 -101.000000 0.000000 0.000000
92 1656673708 380.000000 -1.000000 -101.000000 0.000000 0.000000
101 1656673704 9.000000 -1.000000 -101.000000 0.000000 0.000000
101 1656673705 9.000000 -1.000000 -101.000000 0.000000 0.000000
101 1656673706 10.000000 -1.000000 -101.000000 0.000000 0.000000
101 1656673707 10.000000 -1.000000 -101.000000 0.000000 0.000000
101 1656673708 10.000000 -1.000000 -101.000000 0.000000 0.000000
92 1656673709 380.000000 -1.000000 -101.000000 0.000000 0.000000
92 1656673710 380.000000 -1.000000 -101.000000 0.000000 0.000000
92 1656673711 372.400000 -1.000000 -101.000000 0.000000 0.000000
92 1656673712 372.400000 -1.000000 -101.000000 0.000000 0.000000
92 1656673713 372.400000 -1.000000 -101.000000 0.000000 0.000000
101 1656673709 10.000000 -1.000000 -101.000000 0.000000 0.000000
101 1656673710 10.000000 -1.000000 -101.000000 0.000000 0.000000
101 1656673711 9.800000 -1.000000 -101.000000 0.000000 0.000000
101 1656673712 9.800000 -1.000000 -101.000000 0.000000 0.000000
101 1656673713 9.800000 -1.000000 -101.000000 0.000000 0.000000
92 1656673714 372.400000 -1.000000 -101.000000 0.000000 0.000000
92 1656673715 372.400000 -1.000000 -101.000000 0.000000 0.000000
92 1656673716 364.800000 -1.000000 -101.000000 0.000000 0.000000
92 1656673717 364.800000 -1.000000 -101.000000 0.000000 0.000000
92 1656673718 364.800000 -1.000000 -101.000000 0.000000 0.000000
101 1656673714 9.800000 -1.000000 -101.000000 0.000000 0.000000
101 1656673715 9.800000 -1.000000 -101.000000 0.000000 0.000000
101 1656673716 9.600000 -1.000000 -101.000000 0.000000 0.000000
101 1656673717 9.600000 -1.000000 -101.000000 0.000000 0.000000
101 1656673718 9.600000 -1.000000 -101.000000 0.000000 0.000000
92 1656673719 364.800000 -1.000000 -101.000000 0.000000 0.000000
92 1656673720 364.800000 -1.000000 -101.000000 0.000000 0.000000
92 1656673721 342.000000 -1.000000 -101.000000 0.000000 0.000000
92 1656673722 342.000000 -1.000000 -101.000000 0.000000 0.000000
92 1656673723 342.000000 -1.000000 -101.000000 0.000000 0.000000
101 1656673719 9.600000 -1.000000 -101.000000 0.000000 0.000000
101 1656673720 9.600000 -1.000000 -101.000000 0.000000 0.000000
101 1656673721 9.000000 -1.000000 -101.000000 0.000000 0.000000
101 1656673722 9.000000 -1.000000 -101.000000 0.000000 0.000000
101 1656673723 9.000000 -1.000000 -101.000000 0.000000 0.000000
92 1656673724 342.000000 -1.000000 -101.000000 0.000000 0.000000
92 1656673725 342.000000 -1.000000 -101.000000 0.000000 0.000000
92 1656673726 364.800000 -1.000000 -101.000000 0.000000 0.000000
92 1656673727 364.800000 -1.000000 -101.000000 0.000000 0.000000
92 1656673728 364.800000 -1.000000 -101.000000 0.000000 0.000000
101 1656673724 9.000000 -1.000000 -101.000000 0.000000 0.000000
101 1656673725 9.000000 -1.000000 -101.000000 0.000000 0.000000
101 1656673726 9.600000 -1.000000 -101.000000 0.000000 0.000000
101 1656673727 9.600000 -1.000000 -101.000000 0.000000 0.000000
101 1656673728 9.600000 -1.000000 -101.000000 0.000000 0.000000
92 1656673729 364.800000 -1.000000 -101.000000 0.000000 0.000000
92 1656673730 364.800000 -1.000000 -101.000000 0.000000 0.000000
92 1656673731 380.000000 -1.000000 -101.000000 0.000000 0.000000
92 1656673732 380.000000 -1.000000 -101.000000 0.000000 0.000000
92 1656673733 380.000000 -1.000000 -101.000000 0.000000 0.000000
101 1656673729 9.600000 -1.000000 -101.000000 0.000000 0.000000
101 1656673730 9.600000 -1.000000 -101.000000 0.000000 0.000000
101 1656673731 10.000000 -1.000000 -101.000000 0.000000 0.000000
101 1656673732 10.000000 -1.000000 -101.000000 0.000000 0.000000
101 1656673733 10.000000 -1.000000 -101.000000 0.000000 0.000000
92 1656673734 380.000000 -1.000000 -101.000000 0.000000 0.000000
92 1656673735 380.000000 -1.000000 -101.000000 0.000000 0.000000
92 1656673736 319.200000 -1.000000 -101.000000 0.000000 0.000000
92 1656673737 319.200000 -1.000000 -101.000000 0.000000 0.000000
92 1656673738 319.200000 -1.000000 -101.000000 0.000000 0.000000
101 1656673734 10.000000 -1.000000 -101.000000 0.000000 0.000000
101 1656673735 10.000000 -1.000000 -101.000000 0.000000 0.000000
101 1656673736 8.400000 -1.000000 -101.000000 0.000000 0.000000
101 1656673737 8.400000 -1.000000 -101.000000 0.000000 0.000000
101 1656673738 8.400000 -1.000000 -101.000000 0.000000 0.000000
92 1656673739 319.200000 -1.000000 -101.000000 0.000000 0.000000
92 1656673740 319.200000 -1.000000 -101.000000 0.000000 0.000000
92 1656673741 395.200000 -1.000000 -101.000000 0.000000 0.000000
92 1656673742 395.200000 -1.000000 -101.000000 0.000000 0.000000
92 1656673743 395.200000 -1.000000 -101.000000 0.000000 0.000000
101 1656673739 8.400000 -1.000000 -101.000000 0.000000 0.000000
101 1656673740 8.400000 -1.000000 -101.000000 0.000000 0.000000
101 1656673741 10.400000 -1.000000 -101.000000 0.000000 0.000000
101 1656673742 10.400000 -1.000000 -101.000000 0.000000 0.000000
101 1656673743 10.400000 -1.000000 -101.000000 0.000000 0.000000
92 1656673744 395.200000 -1.000000 -101.000000 0.000000 0.000000
92 1656673745 395.200000 -1.000000 -101.000000 0.000000 0.000000
92 1656673746 334.400000 -1.000000 -101.000000 0.000000 0.000000
92 1656673747 334.400000 -1.000000 -101.000000 0.000000 0.000000
92 1656673748 334.400000 -1.000000 -101.000000 0.000000 0.000000
101 1656673744 10.400000 -1.000000 -101.000000 0.000000 0.000000
101 1656673745 10.400000 -1.000000 -101.000000 0.000000 0.000000
101 1656673746 8.800000 -1.000000 -101.000000 0.000000 0.000000
101 1656673747 8.800000 -1.000000 -101.000000 0.000000 0.000000
101 1656673748 8.800000 -1.000000 -101.000000 0.000000 0.000000
92 1656673749 334.400000 -1.000000 -101.000000 0.000000 0.000000
92 1656673750 334.400000 -1.000000 -101.000000 0.000000 0.000000
92 1656673751 380.000000 -1.000000 -101.000000 0.000000 0.000000
92 1656673752 380.000000 -1.000000 -101.000000 0.000000 0.000000
92 1656673753 380.000000 -1.000000 -101.000000 0.000000 0.000000
101 1656673749 8.800000 -1.000000 -101.000000 0.000000 0.000000
101 1656673750 8.800000 -1.000000 -101.000000 0.000000 0.000000
101 1656673751 10.000000 -1.000000 -101.000000 0.000000 0.000000
101 1656673752 10.000000 -1.000000 -101.000000 0.000000 0.000000
101 1656673753 10.000000 -1.000000 -101.000000 0.000000 0.000000
92 1656673754 380.000000 -1.000000 -101.000000 0.000000 0.000000
92 1656673755 380.000000 -1.000000 -101.000000 0.000000 0.000000
92 1656673756 319.200000 -1.000000 -101.000000 0.000000 0.000000
92 1656673757 319.200000 -1.000000 -101.000000 0.000000 0.000000
92 1656673758 319.200000 -1.000000 -101.000000 0.000000 0.000000
101 1656673754 10.000000 -1.000000 -101.000000 0.000000 0.000000
101 1656673755 10.000000 -1.000000 -101.000000 0.000000 0.000000
101 1656673756 8.400000 -1.000000 -101.000000 0.000000 0.000000
101 1656673757 8.400000 -1.000000 -101.000000 0.000000 0.000000
101 1656673758 8.400000 -1.000000 -101.000000 0.000000 0.000000
92 1656673759 319.200000 -1.000000 -101.000000 0.000000 0.000000
92 1656673760 319.200000 -1.000000 -101.000000 0.000000 0.000000
92 1656673761 349.600000 -1.000000 -101.000000 0.000000 0.000000
92 1656673762 349.600000 -1.000000 -101.000000 0.000000 0.000000
92 1656673763 349.600000 -1.000000 -101.000000 0.000000 0.000000
101 1656673759 8.400000 -1.000000 -101.000000 0.000000 0.000000
101 1656673760 8.400000 -1.000000 -101.000000 0.000000 0.000000
101 1656673761 9.200000 -1.000000 -101.000000 0.000000 0.000000
101 1656673762 9.200000 -1.000000 -101.000000 0.000000 0.000000
101 1656673763 9.200000 -1.000000 -101.000000 0.000000 0.000000
92 1656673764 349.600000 -1.000000 -101.000000 0.000000 0.000000
92 1656673765 349.600000 -1.000000 -101.000000 0.000000 0.000000
92 1656673766 304.000000 -1.000000 -101.000000 0.000000 0.000000
92 1656673767 304.000000 -1.000000 -101.000000 0.000000 0.000000
92 1656673768 304.000000 -1.000000 -101.000000 0.000000 0.000000
92 1656673769 304.000000 -1.000000 -101.000000 0.000000 0.000000
101 1656673764 9.200000 -1.000000 -101.000000 0.000000 0.000000
101 1656673765 9.200000 -1.000000 -101.000000 0.000000 0.000000
101 1656673766 8.000000 -1.000000 -101.000000 0.000000 0.000000
101 1656673767 8.000000 -1.000000 -101.000000 0.000000 0.000000
101 1656673768 8.000000 -1.000000 -101.000000 0.000000 0.000000
101 1656673769 8.000000 -1.000000 -101.000000 0.000000 0.000000
92 1656673770 304.000000 -1.000000 -101.000000 0.000000 0.000000
92 1656673771 372.400000 -1.000000 -101.000000 0.000000 0.000000
92 1656673772 372.400000 -1.000000 -101.000000 0.000000 0.000000
92 1656673773 372.400000 -1.000000 -101.000000 0.000000 0.000000
92 1656673774 372.400000 -1.000000 -101.000000 0.000000 0.000000
101 1656673770 8.000000 -1.000000 -101.000000 0.000000 0.000000
101 1656673771 9.800000 -1.000000 -101.000000 0.000000 0.000000
101 1656673772 9.800000 -1.000000 -101.000000 0.000000 0.000000
101 1656673773 9.800000 -1.000000 -101.000000 0.000000 0.000000
101 1656673774 9.800000 -1.000000 -101.000000 0.000000 0.000000
92 1656673775 372.400000 -1.000000 -101.000000 0.000000 0.000000
101 1656673775 9.800000 -1.000000 -101.000000 0.000000 0.000000
101 1656673838 5.666667 -1.000000 5.666667 5.666667 0.000000
101 1656673837 5.666667 -1.000000 5.666667 5.666667 0.000000
101 1656673836 5.666667 -1.000000 5.666667 5.666667 0.000000
101 1656673835 7.200000 -1.000000 7.200000 7.200000 0.000000
101 1656673834 7.200000 -1.000000 7.200000 7.200000 0.000000
101 1656673833 7.200000 -1.000000 7.200000 7.200000 0.000000
101 1656673832 7.200000 -1.000000 7.200000 7.200000 0.000000
101 1656673831 7.200000 -1.000000 7.200000 7.200000 0.000000
101 1656673830 8.400000 -1.000000 8.400000 8.400000 0.000000
101 1656673829 8.400000 -1.000000 8.400000 8.400000 0.000000
101 1656673828 8.400000 -1.000000 8.400000 8.400000 0.000000
101 1656673827 8.400000 -1.000000 8.400000 8.400000 0.000000
101 1656673826 8.400000 -1.000000 8.400000 8.400000 0.000000
101 1656673825 8.800000 -1.000000 8.800000 8.800000 0.000000
101 1656673824 8.800000 -1.000000 8.800000 8.800000 0.000000
101 1656673823 8.800000 -1.000000 8.800000 8.800000 0.000000
101 1656673822 8.800000 -1.000000 8.800000 8.800000 0.000000
101 1656673821 8.800000 -1.000000 8.800000 8.800000 0.000000
101 1656673820 9.000000 -1.000000 9.000000 9.000000 0.000000
101 1656673819 9.000000 -1.000000 9.000000 9.000000 0.000000
101 1656673818 9.000000 -1.000000 9.000000 9.000000 0.000000
101 1656673817 9.000000 -1.000000 9.000000 9.000000 0.000000
101 1656673816 9.000000 -1.000000 9.000000 9.000000 0.000000
101 1656673815 9.200000 -1.000000 9.200000 9.200000 0.000000
101 1656673814 9.200000 -1.000000 9.200000 9.200000 0.000000
101 1656673813 9.200000 -1.000000 9.200000 9.200000 0.000000
101 1656673812 9.200000 -1.000000 9.200000 9.200000 0.000000
101 1656673811 9.200000 -1.000000 9.200000 9.200000 0.000000
101 1656673810 8.800000 -1.000000 8.800000 8.800000 0.000000
101 1656673809 8.800000 -1.000000 8.800000 8.800000 0.000000
101 1656673808 8.800000 -1.000000 8.800000 8.800000 0.000000
101 1656673807 8.800000 -1.000000 8.800000 8.800000 0.000000
101 1656673806 8.800000 -1.000000 8.800000 8.800000 0.000000
101 1656673805 9.200000 -1.000000 9.200000 9.200000 0.000000
101 1656673804 9.200000 -1.000000 9.200000 9.200000 0.000000
101 1656673803 9.200000 -1.000000 9.200000 9.200000 0.000000
101 1656673802 9.200000 -1.000000 9.200000 9.200000 0.000000
101 1656673801 9.200000 -1.000000 9.200000 9.200000 0.000000
101 1656673800 8.600000 -1.000000 8.600000 8.600000 0.000000
101 1656673799 8.600000 -1.000000 8.600000 8.600000 0.000000
101 1656673798 8.600000 -1.000000 8.600000 8.600000 0.000000
101 1656673797 8.600000 -1.000000 8.600000 8.600000 0.000000
101 1656673796 8.600000 -1.000000 8.600000 8.600000 0.000000
101 1656673795 9.400000 -1.000000 9.400000 9.400000 0.000000
101 1656673794 9.400000 -1.000000 9.400000 9.400000 0.000000
101 1656673793 9.400000 -1.000000 9.400000 9.400000 0.000000
101 1656673792 9.400000 -1.000000 9.400000 9.400000 0.000000
101 1656673791 9.400000 -1.000000 9.400000 9.400000 0.000000
101 1656673790 9.400000 -1.000000 9.400000 9.400000 0.000000
101 1656673789 9.400000 -1.000000 9.400000 9.400000 0.000000
101 1656673788 9.400000 -1.000000 9.400000 9.400000 0.000000
101 1656673787 9.400000 -1.000000 9.400000 9.400000 0.000000
101 1656673786 9.400000 -1.000000 9.400000 9.400000 0.000000
101 1656673785 9.600000 -1.000000 9.600000 9.600000 0.000000
101 1656673784 9.600000 -1.000000 9.600000 9.600000 0.000000
101 1656673783 9.600000 -1.000000 9.600000 9.600000 0.000000
101 1656673782 9.600000 -1.000000 9.600000 9.600000 0.000000
101 1656673781 9.600000 -1.000000 9.600000 9.600000 0.000000
101 1656673780 8.400000 -1.000000 8.400000 8.400000 0.000000
101 1656673779 8.400000 -1.000000 8.400000 8.400000 0.000000
101 1656673778 8.400000 -1.000000 8.400000 8.400000 0.000000
101 1656673777 8.400000 -1.000000 8.400000 8.400000 0.000000
101 1656673776 8.400000 -1.000000 8.400000 8.400000 0.000000
92 1656673838 215.333333 -1.000000 215.333333 215.333333 0.000000
92 1656673837 215.333333 -1.000000 215.333333 215.333333 0.000000
92 1656673836 215.333333 -1.000000 215.333333 215.333333 0.000000
92 1656673835 273.600000 -1.000000 273.600000 273.600000 0.000000
92 1656673834 273.600000 -1.000000 273.600000 273.600000 0.000000
92 1656673833 273.600000 -1.000000 273.600000 273.600000 0.000000
92 1656673832 273.600000 -1.000000 273.600000 273.600000 0.000000
92 1656673831 273.600000 -1.000000 273.600000 273.600000 0.000000
92 1656673830 319.200000 -1.000000 319.200000 319.200000 0.000000
92 1656673829 319.200000 -1.000000 319.200000 319.200000 0.000000
92 1656673828 319.200000 -1.000000 319.200000 319.200000 0.000000
92 1656673827 319.200000 -1.000000 319.200000 319.200000 0.000000
92 1656673826 319.200000 -1.000000 319.200000 319.200000 0.000000
92 1656673825 334.400000 -1.000000 334.400000 334.400000 0.000000
92 1656673824 334.400000 -1.000000 334.400000 334.400000 0.000000
92 1656673823 334.400000 -1.000000 334.400000 334.400000 0.000000
92 1656673822 334.400000 -1.000000 334.400000 334.400000 0.000000
92 1656673821 334.400000 -1.000000 334.400000 334.400000 0.000000
92 1656673820 342.000000 -1.000000 342.000000 342.000000 0.000000
92 1656673819 342.000000 -1.000000 342.000000 342.000000 0.000000
92 1656673818 342.000000 -1.000000 342.000000 342.000000 0.000000
92 1656673817 342.000000 -1.000000 342.000000 342.000000 0.000000
92 1656673816 342.000000 -1.000000 342.000000 342.000000 0.000000
92 1656673815 349.600000 -1.000000 349.600000 349.600000 0.000000
92 1656673814 349.600000 -1.000000 349.600000 349.600000 0.000000
92 1656673813 349.600000 -1.000000 349.600000 349.600000 0.000000
92 1656673812 349.600000 -1.000000 349.600000 349.600000 0.000000
92 1656673811 349.600000 -1.000000 349.600000 349.600000 0.000000
92 1656673810 334.400000 -1.000000 334.400000 334.400000 0.000000
92 1656673809 334.400000 -1.000000 334.400000 334.400000 0.000000
92 1656673808 334.400000 -1.000000 334.400000 334.400000 0.000000
92 1656673807 334.400000 -1.000000 334.400000 334.400000 0.000000
92 1656673806 334.400000 -1.000000 334.400000 334.400000 0.000000
92 1656673805 349.600000 -1.000000 349.600000 349.600000 0.000000
92 1656673804 349.600000 -1.000000 349.600000 349.600000 0.000000
92 1656673803 349.600000 -1.000000 349.600000 349.600000 0.000000
92 1656673802 349.600000 -1.000000 349.600000 349.600000 0.000000
92 1656673801 349.600000 -1.000000 349.600000 349.600000 0.000000
92 1656673800 326.800000 -1.000000 326.800000 326.800000 0.000000
92 1656673799 326.800000 -1.000000 326.800000 326.800000 0.000000
92 1656673798 326.800000 -1.000000 326.800000 326.800000 0.000000
92 1656673797 326.800000 -1.000000 326.800000 326.800000 0.000000
92 1656673796 326.800000 -1.000000 326.800000 326.800000 0.000000
92 1656673795 357.200000 -1.000000 357.200000 357.200000 0.000000
92 1656673794 357.200000 -1.000000 357.200000 357.200000 0.000000
92 1656673793 357.200000 -1.000000 357.200000 357.200000 0.000000
92 1656673792 357.200000 -1.000000 357.200000 357.200000 0.000000
92 1656673791 357.200000 -1.000000 357.200000 357.200000 0.000000
92 1656673790 357.200000 -1.000000 357.200000 357.200000 0.000000
92 1656673789 357.200000 -1.000000 357.200000 357.200000 0.000000
92 1656673788 357.200000 -1.000000 357.200000 357.200000 0.000000
92 1656673787 357.200000 -1.000000 357.200000 357.200000 0.000000
92 1656673786 357.200000 -1.000000 357.200000 357.200000 0.000000
92 1656673785 364.800000 -1.000000 364.800000 364.800000 0.000000
92 1656673784 364.800000 -1.000000 364.800000 364.800000 0.000000
92 1656673783 364.800000 -1.000000 364.800000 364.800000 0.000000
92 1656673782 364.800000 -1.000000 364.800000 364.800000 0.000000
92 1656673781 364.800000 -1.000000 364.800000 364.800000 0.000000
92 1656673780 319.200000 -1.000000 319.200000 319.200000 0.000000
92 1656673779 319.200000 -1.000000 319.200000 319.200000 0.000000
92 1656673778 319.200000 -1.000000 319.200000 319.200000 0.000000
92 1656673777 319.200000 -1.000000 319.200000 319.200000 0.000000
92 1656673776 319.200000 -1.000000 319.200000 319.200000 0.000000
